1,1,1,1,1,1,1,1,1,1,1,1,1,1,1,1,1,1,1,1,1,1,1,1,1,1,1,1,1,1,1,1,1,1,1,1,1,1,1,1,1,1,1,1,1,1,1,1,1,1,1,1,1,1,1,1,1,1,1,1,1,1,1,1,1,1,1,1,1,1,1,1,1,1,1,1,1,1,1,1,1,1,1,1,1,1,1,1,1,1,1,1,1,1,1,1,1,1,1,1,1
1,1.5,1.75,1.8333,1.875,1.9,1.9167,1.9286,1.9375,1.9444,1.95,1.9545,1.9583,1.9615,1.9643,1.9667,1.9688,1.9706,1.9722,1.9737,1.975,1.9762,1.9773,1.9783,1.9792,1.98,1.9808,1.9815,1.9821,1.9828,1.9833,1.9839,1.9844,1.9848,1.9853,1.9857,1.9861,1.9865,1.9868,1.9872,1.9875,1.9878,1.9881,1.9884,1.9886,1.9889,1.9891,1.9894,1.9896,1.9898,1.99,1.9902,1.9904,1.9906,1.9907,1.9909,1.9911,1.9912,1.9914,1.9915,1.9917,1.9918,1.9919,1.9921,1.9922,1.9923,1.9924,1.9925,1.9926,1.9928,1.9929,1.993,1.9931,1.9932,1.9932,1.9933,1.9934,1.9935,1.9936,1.9937,1.9937,1.9938,1.9939,1.994,1.994,1.9941,1.9942,1.9943,1.9943,1.9944,1.9944,1.9945,1.9946,1.9946,1.9947,1.9947,1.9948,1.9948,1.9949,1.9949,1.995
1,1.75,1.7083,2.125,2.2847,2.3708,2.425,2.4623,2.4896,2.5104,2.5269,2.5402,2.5511,2.5604,2.5682,2.575,2.5809,2.5861,2.5907,2.5948,2.5985,2.6018,2.6048,2.6075,2.6101,2.6124,2.6145,2.6165,2.6183,2.62,2.6216,2.623,2.6244,2.6257,2.6269,2.6281,2.6292,2.6302,2.6312,2.6321,2.633,2.6338,2.6346,2.6353,2.6361,2.6367,2.6374,2.638,2.6386,2.6392,2.6398,2.6403,2.6408,2.6413,2.6418,2.6422,2.6427,2.6431,2.6435,2.6439,2.6443,2.6446,2.645,2.6454,2.6457,2.646,2.6463,2.6466,2.6469,2.6472,2.6475,2.6478,2.648,2.6483,2.6485,2.6488,2.649,2.6493,2.6495,2.6497,2.6499,2.6501,2.6503,2.6505,2.6507,2.6509,2.6511,2.6513,2.6514,2.6516,2.6518,2.6519,2.6521,2.6523,2.6524,2.6526,2.6527,2.6529,2.653,2.6531,2.6533
1,1.8333,2.125,1.8375,2.3719,2.5938,2.7194,2.8011,2.8587,2.9016,2.9349,2.9614,2.9831,3.0012,3.0164,3.0295,3.0409,3.0508,3.0595,3.0673,3.0743,3.0806,3.0862,3.0914,3.0961,3.1004,3.1044,3.108,3.1114,3.1146,3.1175,3.1203,3.1228,3.1252,3.1275,3.1296,3.1316,3.1335,3.1353,3.137,3.1386,3.1402,3.1416,3.143,3.1443,3.1456,3.1468,3.148,3.1491,3.1501,3.1511,3.1521,3.153,3.1539,3.1548,3.1556,3.1565,3.1572,3.158,3.1587,3.1594,3.1601,3.1607,3.1614,3.162,3.1626,3.1631,3.1637,3.1642,3.1648,3.1653,3.1658,3.1663,3.1667,3.1672,3.1676,3.168,3.1685,3.1689,3.1693,3.1697,3.17,3.1704,3.1708,3.1711,3.1715,3.1718,3.1721,3.1725,3.1728,3.1731,3.1734,3.1737,3.1739,3.1742,3.1745,3.1748,3.175,3.1753,3.1755,3.1758
1,1.875,2.2847,2.3719,1.9306,2.5547,2.8278,2.9878,3.0945,3.1712,3.2292,3.2746,3.3113,3.3414,3.3667,3.3882,3.4067,3.4229,3.437,3.4496,3.4608,3.4708,3.4799,3.4881,3.4956,3.5024,3.5087,3.5145,3.5199,3.5249,3.5295,3.5338,3.5378,3.5416,3.5451,3.5485,3.5516,3.5546,3.5574,3.56,3.5625,3.5649,3.5672,3.5694,3.5714,3.5734,3.5753,3.5771,3.5788,3.5804,3.582,3.5835,3.585,3.5864,3.5877,3.589,3.5902,3.5914,3.5926,3.5937,3.5948,3.5959,3.5969,3.5978,3.5988,3.5997,3.6006,3.6015,3.6023,3.6031,3.6039,3.6047,3.6054,3.6061,3.6068,3.6075,3.6082,3.6088,3.6094,3.6101,3.6107,3.6112,3.6118,3.6124,3.6129,3.6134,3.614,3.6145,3.6149,3.6154,3.6159,3.6164,3.6168,3.6173,3.6177,3.6181,3.6185,3.6189,3.6193,3.6197,3.6201
1,1.9,2.3708,2.5938,2.5547,2.0032,2.6993,3.0155,3.2057,3.3349,3.4293,3.5014,3.5585,3.6049,3.6434,3.6759,3.7036,3.7276,3.7486,3.7671,3.7836,3.7983,3.8115,3.8234,3.8343,3.8443,3.8534,3.8617,3.8695,3.8766,3.8833,3.8895,3.8952,3.9006,3.9057,3.9105,3.9149,3.9192,3.9232,3.9269,3.9305,3.9339,3.9371,3.9402,3.9431,3.9459,3.9486,3.9511,3.9536,3.9559,3.9581,3.9603,3.9623,3.9643,3.9662,3.968,3.9698,3.9715,3.9731,3.9747,3.9762,3.9777,3.9791,3.9805,3.9819,3.9831,3.9844,3.9856,3.9868,3.9879,3.989,3.9901,3.9912,3.9922,3.9932,3.9941,3.9951,3.996,3.9969,3.9977,3.9986,3.9994,4.0002,4.001,4.0017,4.0025,4.0032,4.0039,4.0046,4.0053,4.0059,4.0066,4.0072,4.0078,4.0084,4.009,4.0096,4.0102,4.0107,4.0113,4.0118
1,1.9167,2.425,2.7194,2.8278,2.6993,2.0626,2.8187,3.1719,3.3887,3.5383,3.6489,3.7343,3.8025,3.8583,3.9048,3.9443,3.9782,4.0076,4.0334,4.0563,4.0766,4.0949,4.1114,4.1263,4.1399,4.1523,4.1637,4.1742,4.184,4.193,4.2014,4.2092,4.2165,4.2233,4.2297,4.2358,4.2415,4.2468,4.2519,4.2567,4.2613,4.2656,4.2697,4.2736,4.2774,4.2809,4.2843,4.2876,4.2907,4.2937,4.2965,4.2993,4.3019,4.3044,4.3069,4.3092,4.3115,4.3137,4.3158,4.3178,4.3198,4.3216,4.3235,4.3253,4.327,4.3286,4.3302,4.3318,4.3333,4.3348,4.3362,4.3376,4.3389,4.3403,4.3415,4.3428,4.344,4.3452,4.3463,4.3474,4.3485,4.3496,4.3506,4.3516,4.3526,4.3535,4.3545,4.3554,4.3563,4.3572,4.358,4.3588,4.3597,4.3605,4.3612,4.362,4.3627,4.3635,4.3642,4.3649
1,1.9286,2.4623,2.8011,2.9878,3.0155,2.8187,2.1128,2.9202,3.3057,3.5463,3.7144,3.8399,3.9377,4.0164,4.0811,4.1354,4.1816,4.2215,4.2563,4.2869,4.314,4.3383,4.3601,4.3798,4.3977,4.414,4.429,4.4427,4.4554,4.4672,4.4781,4.4882,4.4977,4.5066,4.5149,4.5227,4.5301,4.537,4.5436,4.5498,4.5556,4.5612,4.5665,4.5715,4.5763,4.5809,4.5853,4.5894,4.5934,4.5973,4.6009,4.6044,4.6078,4.611,4.6142,4.6172,4.6201,4.6228,4.6255,4.6281,4.6306,4.633,4.6354,4.6376,4.6398,4.6419,4.644,4.646,4.6479,4.6498,4.6516,4.6534,4.6551,4.6568,4.6584,4.66,4.6615,4.663,4.6644,4.6659,4.6672,4.6686,4.6699,4.6712,4.6724,4.6736,4.6748,4.676,4.6771,4.6782,4.6793,4.6804,4.6814,4.6824,4.6834,4.6844,4.6853,4.6863,4.6872,4.6881
1,1.9375,2.4896,2.8587,3.0945,3.2057,3.1719,2.9202,2.1563,3.0083,3.4225,3.6845,3.8695,4.0089,4.1182,4.2067,4.2799,4.3416,4.3944,4.4401,4.4801,4.5154,4.5467,4.5748,4.6001,4.623,4.6439,4.663,4.6805,4.6966,4.7115,4.7253,4.7381,4.7501,4.7613,4.7717,4.7815,4.7908,4.7995,4.8077,4.8154,4.8228,4.8297,4.8364,4.8426,4.8486,4.8543,4.8598,4.865,4.8699,4.8747,4.8792,4.8836,4.8878,4.8918,4.8957,4.8994,4.903,4.9065,4.9098,4.913,4.9161,4.9191,4.922,4.9248,4.9275,4.9301,4.9327,4.9351,4.9375,4.9398,4.9421,4.9443,4.9464,4.9484,4.9504,4.9524,4.9543,4.9561,4.9579,4.9597,4.9614,4.963,4.9647,4.9662,4.9678,4.9693,4.9707,4.9722,4.9736,4.9749,4.9763,4.9776,4.9788,4.9801,4.9813,4.9825,4.9837,4.9848,4.9859,4.987
1,1.9444,2.5104,2.9016,3.1712,3.3349,3.3887,3.3057,3.0083,2.1947,3.0862,3.5261,3.8074,4.008,4.1601,4.2803,4.3781,4.4594,4.5282,4.5873,4.6386,4.6836,4.7234,4.7589,4.7908,4.8196,4.8457,4.8695,4.8913,4.9113,4.9298,4.9469,4.9627,4.9775,4.9912,5.0041,5.0162,5.0275,5.0382,5.0483,5.0578,5.0667,5.0753,5.0833,5.091,5.0983,5.1053,5.1119,5.1182,5.1243,5.1301,5.1356,5.1409,5.146,5.1509,5.1556,5.1601,5.1644,5.1686,5.1727,5.1766,5.1803,5.1839,5.1874,5.1908,5.1941,5.1973,5.2004,5.2033,5.2062,5.209,5.2117,5.2144,5.2169,5.2194,5.2218,5.2242,5.2265,5.2287,5.2308,5.2329,5.235,5.237,5.2389,5.2408,5.2427,5.2445,5.2463,5.248,5.2497,5.2513,5.2529,5.2545,5.256,5.2575,5.259,5.2604,5.2619,5.2632,5.2646,5.2659
1,1.95,2.5269,2.9349,3.2292,3.4293,3.5383,3.5463,3.4225,3.0862,2.229,3.156,3.6191,3.9181,4.133,4.2971,4.4274,4.534,4.6229,4.6985,4.7636,4.8203,4.8702,4.9145,4.954,4.9896,5.0218,5.051,5.0777,5.1022,5.1247,5.1455,5.1648,5.1827,5.1994,5.215,5.2296,5.2433,5.2561,5.2682,5.2797,5.2905,5.3007,5.3104,5.3196,5.3283,5.3367,5.3446,5.3522,5.3594,5.3663,5.3729,5.3793,5.3853,5.3912,5.3968,5.4022,5.4073,5.4123,5.4171,5.4218,5.4262,5.4305,5.4347,5.4387,5.4426,5.4464,5.45,5.4536,5.457,5.4603,5.4635,5.4667,5.4697,5.4726,5.4755,5.4783,5.481,5.4836,5.4862,5.4887,5.4911,5.4935,5.4958,5.498,5.5002,5.5024,5.5045,5.5065,5.5085,5.5104,5.5123,5.5142,5.516,5.5178,5.5195,5.5212,5.5229,5.5245,5.5261,5.5276
1,1.9545,2.5402,2.9614,3.2746,3.5014,3.6489,3.7144,3.6845,3.5261,3.156,2.26,3.2191,3.7034,4.0187,4.2468,4.4221,4.5619,4.6768,4.7731,4.8551,4.926,4.9879,5.0426,5.0911,5.1346,5.1738,5.2093,5.2416,5.2712,5.2983,5.3233,5.3464,5.3679,5.3878,5.4064,5.4238,5.4401,5.4554,5.4698,5.4833,5.4962,5.5083,5.5197,5.5306,5.541,5.5508,5.5602,5.5691,5.5776,5.5857,5.5935,5.601,5.6081,5.615,5.6216,5.6279,5.634,5.6398,5.6455,5.6509,5.6561,5.6612,5.6661,5.6708,5.6753,5.6797,5.684,5.6881,5.6922,5.696,5.6998,5.7034,5.707,5.7104,5.7138,5.717,5.7202,5.7233,5.7263,5.7292,5.732,5.7348,5.7375,5.7401,5.7426,5.7451,5.7476,5.7499,5.7523,5.7545,5.7567,5.7589,5.761,5.7631,5.7651,5.7671,5.769,5.7709,5.7728,5.7746
1,1.9583,2.5511,2.9831,3.3113,3.5585,3.7343,3.8399,3.8695,3.8074,3.6191,3.2191,2.2883,3.2767,3.7804,4.1108,4.3513,4.537,4.6858,4.8085,4.9118,5,5.0765,5.1434,5.2026,5.2554,5.3027,5.3454,5.3841,5.4194,5.4518,5.4815,5.509,5.5344,5.558,5.58,5.6005,5.6196,5.6376,5.6545,5.6705,5.6855,5.6997,5.7131,5.7258,5.7379,5.7494,5.7603,5.7707,5.7806,5.7901,5.7991,5.8078,5.8161,5.8241,5.8317,5.8391,5.8461,5.8529,5.8594,5.8657,5.8718,5.8777,5.8833,5.8888,5.894,5.8991,5.9041,5.9089,5.9135,5.918,5.9223,5.9265,5.9306,5.9346,5.9385,5.9422,5.9459,5.9494,5.9528,5.9562,5.9595,5.9627,5.9658,5.9688,5.9717,5.9746,5.9774,5.9801,5.9828,5.9854,5.988,5.9904,5.9929,5.9953,5.9976,5.9998,6.0021,6.0042,6.0064,6.0085
1,1.9615,2.5604,3.0012,3.3414,3.6049,3.8025,3.9377,4.0089,4.008,3.9181,3.7034,3.2767,2.3143,3.3296,3.8514,4.1958,4.4478,4.6433,4.8006,4.9308,5.0406,5.1348,5.2166,5.2884,5.352,5.4088,5.4598,5.5059,5.5479,5.5862,5.6213,5.6536,5.6834,5.7111,5.7368,5.7608,5.7832,5.8041,5.8238,5.8423,5.8597,5.8762,5.8917,5.9065,5.9204,5.9337,5.9463,5.9583,5.9698,5.9807,5.9912,6.0012,6.0107,6.0199,6.0287,6.0371,6.0452,6.053,6.0605,6.0677,6.0747,6.0814,6.0879,6.0941,6.1002,6.106,6.1116,6.1171,6.1224,6.1275,6.1325,6.1373,6.142,6.1465,6.151,6.1552,6.1594,6.1634,6.1674,6.1712,6.1749,6.1786,6.1821,6.1856,6.1889,6.1922,6.1954,6.1985,6.2016,6.2045,6.2074,6.2103,6.213,6.2157,6.2184,6.221,6.2235,6.226,6.2284,6.2308
1,1.9643,2.5682,3.0164,3.3667,3.6434,3.8583,4.0164,4.1182,4.1601,4.133,4.0187,3.7804,3.3296,2.3383,3.3786,3.9171,4.2746,4.5375,4.7421,4.9076,5.0448,5.161,5.2608,5.3477,5.4242,5.4921,5.5528,5.6074,5.6569,5.7019,5.7431,5.7809,5.8157,5.8479,5.8778,5.9056,5.9315,5.9558,5.9785,5.9998,6.0199,6.0389,6.0568,6.0737,6.0897,6.1049,6.1194,6.1332,6.1463,6.1588,6.1707,6.1821,6.193,6.2035,6.2135,6.2231,6.2323,6.2412,6.2497,6.258,6.2659,6.2735,6.2809,6.288,6.2948,6.3015,6.3079,6.3141,6.3201,6.3259,6.3315,6.337,6.3423,6.3474,6.3524,6.3573,6.362,6.3666,6.371,6.3754,6.3796,6.3837,6.3877,6.3916,6.3954,6.3991,6.4027,6.4062,6.4097,6.413,6.4163,6.4195,6.4226,6.4257,6.4287,6.4316,6.4344,6.4372,6.44,6.4426
1,1.9667,2.575,3.0295,3.3882,3.6759,3.9048,4.0811,4.2067,4.2803,4.2971,4.2468,4.1108,3.8514,3.3786,2.3607,3.4242,3.9783,4.348,4.6211,4.8345,5.0076,5.1516,5.2738,5.379,5.4709,5.5519,5.6239,5.6883,5.7465,5.7992,5.8473,5.8912,5.9317,5.969,6.0035,6.0356,6.0654,6.0933,6.1194,6.1439,6.1669,6.1885,6.209,6.2283,6.2466,6.2639,6.2803,6.296,6.3109,6.3251,6.3386,6.3516,6.3639,6.3758,6.3871,6.398,6.4084,6.4185,6.4281,6.4374,6.4463,6.455,6.4633,6.4713,6.479,6.4865,6.4937,6.5007,6.5075,6.514,6.5203,6.5265,6.5325,6.5382,6.5439,6.5493,6.5546,6.5598,6.5648,6.5696,6.5744,6.579,6.5835,6.5878,6.5921,6.5963,6.6003,6.6043,6.6081,6.6119,6.6156,6.6191,6.6226,6.6261,6.6294,6.6327,6.6359,6.639,6.6421,6.6451
1,1.9688,2.5809,3.0409,3.4067,3.7036,3.9443,4.1354,4.2799,4.3781,4.4274,4.4221,4.3513,4.1958,3.9171,3.4242,2.3816,3.4669,4.0355,4.4168,4.6995,4.9212,5.1015,5.2519,5.3799,5.4904,5.587,5.6723,5.7483,5.8165,5.878,5.9339,5.9849,6.0316,6.0746,6.1144,6.1512,6.1854,6.2173,6.2471,6.275,6.3011,6.3258,6.349,6.3709,6.3916,6.4113,6.4299,6.4476,6.4644,6.4804,6.4957,6.5103,6.5242,6.5375,6.5503,6.5626,6.5743,6.5856,6.5964,6.6068,6.6169,6.6265,6.6358,6.6448,6.6535,6.6619,6.6699,6.6778,6.6853,6.6927,6.6997,6.7066,6.7133,6.7198,6.726,6.7321,6.738,6.7438,6.7494,6.7548,6.7601,6.7652,6.7702,6.7751,6.7799,6.7845,6.789,6.7934,6.7977,6.8019,6.806,6.81,6.8139,6.8177,6.8214,6.8251,6.8286,6.8321,6.8355,6.8388
1,1.9706,2.5861,3.0508,3.4229,3.7276,3.9782,4.1816,4.3416,4.4594,4.534,4.5619,4.537,4.4478,4.2746,3.9783,3.4669,2.4013,3.5069,4.0893,4.4814,4.7732,5.0028,5.19,5.3466,5.4801,5.5956,5.6968,5.7863,5.8661,5.9379,6.0027,6.0617,6.1155,6.165,6.2105,6.2526,6.2916,6.328,6.3618,6.3935,6.4232,6.4511,6.4773,6.5021,6.5255,6.5476,6.5685,6.5884,6.6073,6.6253,6.6425,6.6589,6.6745,6.6894,6.7037,6.7174,6.7305,6.7431,6.7552,6.7669,6.7781,6.7888,6.7992,6.8092,6.8189,6.8282,6.8372,6.8459,6.8544,6.8625,6.8704,6.878,6.8855,6.8926,6.8996,6.9064,6.9129,6.9193,6.9255,6.9315,6.9374,6.9431,6.9487,6.9541,6.9593,6.9645,6.9695,6.9744,6.9791,6.9838,6.9883,6.9927,6.997,7.0013,7.0054,7.0094,7.0133,7.0172,7.021,7.0246
1,1.9722,2.5907,3.0595,3.437,3.7486,4.0076,4.2215,4.3944,4.5282,4.6229,4.6768,4.6858,4.6433,4.5375,4.348,4.0355,3.5069,2.4198,3.5446,4.14,4.5424,4.8429,5.0799,5.2737,5.4362,5.575,5.6953,5.8009,5.8944,5.978,6.0532,6.1213,6.1832,6.2399,6.292,6.34,6.3844,6.4256,6.464,6.4998,6.5333,6.5648,6.5943,6.6222,6.6484,6.6733,6.6968,6.7191,6.7402,6.7604,6.7795,6.7978,6.8152,6.8319,6.8478,6.863,6.8777,6.8917,6.9051,6.9181,6.9305,6.9425,6.954,6.9651,6.9758,6.9862,6.9961,7.0058,7.0151,7.0241,7.0329,7.0413,7.0495,7.0575,7.0652,7.0726,7.0799,7.087,7.0938,7.1005,7.1069,7.1132,7.1194,7.1253,7.1311,7.1368,7.1423,7.1477,7.1529,7.1581,7.163,7.1679,7.1727,7.1773,7.1819,7.1863,7.1906,7.1949,7.199,7.2031
1,1.9737,2.5948,3.0673,3.4496,3.7671,4.0334,4.2563,4.4401,4.5873,4.6985,4.7731,4.8085,4.8006,4.7421,4.6211,4.4168,4.0893,3.5446,2.4373,3.5802,4.1879,4.6001,4.9088,5.1529,5.353,5.5212,5.6651,5.79,5.8999,5.9973,6.0845,6.1631,6.2343,6.2991,6.3585,6.4131,6.4636,6.5102,6.5536,6.594,6.6318,6.6671,6.7003,6.7315,6.7609,6.7887,6.8149,6.8398,6.8634,6.8858,6.9071,6.9275,6.9468,6.9653,6.983,6.9999,7.0161,7.0317,7.0466,7.0609,7.0746,7.0879,7.1006,7.1129,7.1247,7.1361,7.1471,7.1578,7.1681,7.178,7.1876,7.197,7.206,7.2147,7.2232,7.2314,7.2394,7.2472,7.2547,7.262,7.2691,7.2761,7.2828,7.2894,7.2957,7.3019,7.308,7.3139,7.3197,7.3253,7.3308,7.3361,7.3413,7.3464,7.3514,7.3563,7.361,7.3657,7.3702,7.3747
1,1.975,2.5985,3.0743,3.4608,3.7836,4.0563,4.2869,4.4801,4.6386,4.7636,4.8551,4.9118,4.9308,4.9076,4.8345,4.6995,4.4814,4.14,3.5802,2.4539,3.614,4.2334,4.6548,4.9713,5.2223,5.4285,5.602,5.7508,5.8803,5.9942,6.0954,6.1861,6.2679,6.3422,6.4099,6.4719,6.529,6.5818,6.6307,6.6762,6.7186,6.7582,6.7954,6.8302,6.8631,6.894,6.9233,6.9509,6.9772,7.0021,7.0257,7.0482,7.0697,7.0902,7.1097,7.1284,7.1463,7.1635,7.1799,7.1957,7.2108,7.2254,7.2394,7.253,7.266,7.2785,7.2906,7.3023,7.3136,7.3246,7.3351,7.3453,7.3552,7.3648,7.3741,7.3832,7.3919,7.4004,7.4087,7.4167,7.4245,7.432,7.4394,7.4466,7.4536,7.4604,7.467,7.4734,7.4797,7.4859,7.4919,7.4977,7.5034,7.509,7.5144,7.5197,7.5249,7.53,7.5349,7.5398
1,1.9762,2.6018,3.0806,3.4708,3.7983,4.0766,4.314,4.5154,4.6836,4.8203,4.926,5,5.0406,5.0448,5.0076,4.9212,4.7732,4.5424,4.1879,3.614,2.4696,3.6462,4.2766,4.7069,5.0309,5.2884,5.5003,5.679,5.8326,5.9663,6.0842,6.1891,6.2832,6.3682,6.4454,6.5159,6.5805,6.6401,6.6951,6.7462,6.7937,6.8381,6.8796,6.9185,6.955,6.9895,7.022,7.0527,7.0817,7.1093,7.1354,7.1603,7.184,7.2066,7.2282,7.2488,7.2685,7.2874,7.3054,7.3228,7.3395,7.3555,7.3709,7.3857,7.3999,7.4137,7.427,7.4398,7.4522,7.4641,7.4757,7.4869,7.4977,7.5082,7.5183,7.5282,7.5377,7.547,7.556,7.5648,7.5733,7.5815,7.5896,7.5974,7.605,7.6124,7.6196,7.6267,7.6335,7.6402,7.6467,7.6531,7.6593,7.6654,7.6713,7.677,7.6827,7.6882,7.6936,7.6989
1,1.9773,2.6048,3.0862,3.4799,3.8115,4.0949,4.3383,4.5467,4.7234,4.8702,4.9879,5.0765,5.1348,5.161,5.1516,5.1015,5.0028,4.8429,4.6001,4.2334,3.6462,2.4847,3.6768,4.3178,4.7565,5.0877,5.3514,5.5689,5.7526,5.9107,6.0487,6.1704,6.2789,6.3762,6.4643,6.5443,6.6175,6.6847,6.7466,6.8039,6.8571,6.9067,6.953,6.9963,7.0369,7.0751,7.1111,7.1451,7.1772,7.2077,7.2365,7.264,7.2901,7.3149,7.3386,7.3613,7.3829,7.4036,7.4235,7.4425,7.4607,7.4783,7.4951,7.5113,7.5269,7.542,7.5565,7.5705,7.584,7.597,7.6096,7.6218,7.6336,7.645,7.6561,7.6668,7.6772,7.6873,7.6971,7.7067,7.7159,7.7249,7.7336,7.7421,7.7504,7.7585,7.7663,7.7739,7.7814,7.7886,7.7957,7.8026,7.8093,7.8159,7.8223,7.8286,7.8347,7.8407,7.8465,7.8523
1,1.9783,2.6075,3.0914,3.4881,3.8234,4.1114,4.3601,4.5748,4.7589,4.9145,5.0426,5.1434,5.2166,5.2608,5.2738,5.2519,5.19,5.0799,4.9088,4.6548,4.2766,3.6768,2.499,3.706,4.3571,4.8039,5.1419,5.4117,5.6345,5.8231,5.9856,6.1275,6.253,6.3649,6.4655,6.5565,6.6393,6.7151,6.7848,6.849,6.9086,6.9639,7.0154,7.0635,7.1086,7.1509,7.1908,7.2283,7.2638,7.2973,7.3291,7.3593,7.388,7.4153,7.4413,7.4661,7.4898,7.5125,7.5342,7.555,7.5749,7.5941,7.6125,7.6301,7.6472,7.6636,7.6794,7.6946,7.7093,7.7235,7.7372,7.7505,7.7633,7.7757,7.7877,7.7994,7.8107,7.8216,7.8323,7.8426,7.8526,7.8624,7.8718,7.8811,7.89,7.8987,7.9072,7.9155,7.9236,7.9314,7.9391,7.9465,7.9538,7.9609,7.9679,7.9746,7.9813,7.9877,7.9941,8.0002
1,1.9792,2.6101,3.0961,3.4956,3.8343,4.1263,4.3798,4.6001,4.7908,4.954,5.0911,5.2026,5.2884,5.3477,5.379,5.3799,5.3466,5.2737,5.1529,4.9713,4.7069,4.3178,3.706,2.5128,3.734,4.3947,4.8493,5.1939,5.4694,5.6974,5.8906,6.0573,6.2032,6.3323,6.4475,6.5512,6.6451,6.7307,6.809,6.8811,6.9476,7.0093,7.0666,7.1201,7.1701,7.2169,7.2609,7.3023,7.3414,7.3783,7.4133,7.4464,7.4779,7.5078,7.5363,7.5634,7.5893,7.6141,7.6378,7.6605,7.6822,7.7031,7.7231,7.7424,7.7609,7.7787,7.7959,7.8124,7.8284,7.8438,7.8587,7.873,7.887,7.9004,7.9135,7.9261,7.9383,7.9502,7.9617,7.9729,7.9837,7.9942,8.0045,8.0144,8.0241,8.0336,8.0427,8.0517,8.0604,8.0688,8.0771,8.0852,8.093,8.1007,8.1082,8.1155,8.1226,8.1296,8.1364,8.1431
1,1.98,2.6124,3.1004,3.5024,3.8443,4.1399,4.3977,4.623,4.8196,4.9896,5.1346,5.2554,5.352,5.4242,5.4709,5.4904,5.4801,5.4362,5.353,5.2223,5.0309,4.7565,4.3571,3.734,2.526,3.7608,4.4308,4.8929,5.2438,5.5248,5.7578,5.9555,6.1263,6.2759,6.4085,6.5269,6.6336,6.7304,6.8186,6.8995,6.9739,7.0427,7.1064,7.1658,7.2211,7.2729,7.3215,7.3671,7.4101,7.4507,7.489,7.5253,7.5598,7.5925,7.6237,7.6533,7.6816,7.7086,7.7344,7.7591,7.7827,7.8054,7.8272,7.8481,7.8682,7.8875,7.9062,7.9241,7.9414,7.9581,7.9742,7.9898,8.0048,8.0194,8.0335,8.0471,8.0603,8.0732,8.0856,8.0976,8.1093,8.1207,8.1318,8.1425,8.1529,8.1631,8.173,8.1826,8.192,8.2011,8.21,8.2187,8.2271,8.2354,8.2435,8.2513,8.259,8.2665,8.2738,8.281
1,1.9808,2.6145,3.1044,3.5087,3.8534,4.1523,4.414,4.6439,4.8457,5.0218,5.1738,5.3027,5.4088,5.4921,5.5519,5.587,5.5956,5.575,5.5212,5.4285,5.2884,5.0877,4.8039,4.3947,3.7608,2.5386,3.7865,4.4655,4.9347,5.2917,5.5781,5.8158,6.0179,6.1927,6.3459,6.4818,6.6035,6.7131,6.8126,6.9034,6.9867,7.0634,7.1344,7.2002,7.2615,7.3187,7.3723,7.4225,7.4698,7.5143,7.5563,7.5961,7.6338,7.6695,7.7035,7.7358,7.7666,7.796,7.8241,7.8509,7.8766,7.9013,7.9249,7.9475,7.9693,7.9903,8.0104,8.0298,8.0485,8.0666,8.084,8.1008,8.1171,8.1328,8.148,8.1627,8.1769,8.1908,8.2041,8.2171,8.2297,8.242,8.2539,8.2654,8.2767,8.2876,8.2982,8.3086,8.3186,8.3285,8.338,8.3473,8.3564,8.3653,8.3739,8.3824,8.3906,8.3987,8.4065,8.4142
1,1.9815,2.6165,3.108,3.5145,3.8617,4.1637,4.429,4.663,4.8695,5.051,5.2093,5.3454,5.4598,5.5528,5.6239,5.6723,5.6968,5.6953,5.6651,5.602,5.5003,5.3514,5.1419,4.8493,4.4308,3.7865,2.5508,3.8113,4.4988,4.9749,5.3377,5.6293,5.8717,6.0779,6.2566,6.4134,6.5526,6.6773,6.7898,6.892,6.9853,7.0709,7.1499,7.223,7.2908,7.354,7.4131,7.4683,7.5203,7.5691,7.6151,7.6586,7.6998,7.7388,7.7758,7.811,7.8446,7.8765,7.907,7.9361,7.964,7.9907,8.0162,8.0408,8.0643,8.087,8.1088,8.1297,8.1499,8.1694,8.1882,8.2063,8.2238,8.2407,8.2571,8.273,8.2883,8.3032,8.3176,8.3315,8.3451,8.3582,8.371,8.3834,8.3955,8.4072,8.4186,8.4297,8.4405,8.451,8.4613,8.4713,8.481,8.4905,8.4998,8.5088,8.5177,8.5263,8.5347,8.5429
1,1.9821,2.6183,3.1114,3.5199,3.8695,4.1742,4.4427,4.6805,4.8913,5.0777,5.2416,5.3841,5.5059,5.6074,5.6883,5.7483,5.7863,5.8009,5.79,5.7508,5.679,5.5689,5.4117,5.1939,4.8929,4.4655,3.8113,2.5625,3.8351,4.5309,5.0136,5.3821,5.6787,5.9256,6.1359,6.3182,6.4785,6.6209,6.7485,6.8638,6.9686,7.0644,7.1524,7.2335,7.3087,7.3785,7.4436,7.5044,7.5614,7.6149,7.6653,7.7129,7.7578,7.8003,7.8406,7.8789,7.9153,7.95,7.9831,8.0147,8.0448,8.0737,8.1014,8.1279,8.1533,8.1778,8.2013,8.2239,8.2457,8.2666,8.2869,8.3064,8.3252,8.3434,8.361,8.3781,8.3945,8.4105,8.426,8.4409,8.4555,8.4696,8.4833,8.4966,8.5095,8.5221,8.5343,8.5462,8.5578,8.569,8.58,8.5907,8.6011,8.6113,8.6212,8.6309,8.6403,8.6495,8.6585,8.6673
1,1.9828,2.62,3.1146,3.5249,3.8766,4.184,4.4554,4.6966,4.9113,5.1022,5.2712,5.4194,5.5479,5.6569,5.7465,5.8165,5.8661,5.8944,5.8999,5.8803,5.8326,5.7526,5.6345,5.4694,5.2438,4.9347,4.4988,3.8351,2.5739,3.8581,4.5619,5.051,5.425,5.7264,5.9776,6.1918,6.3778,6.5414,6.6869,6.8174,6.9354,7.0427,7.1409,7.2312,7.3145,7.3917,7.4634,7.5303,7.5929,7.6516,7.7067,7.7586,7.8076,7.8539,7.8978,7.9394,7.979,8.0166,8.0524,8.0866,8.1192,8.1505,8.1803,8.209,8.2364,8.2628,8.2881,8.3124,8.3359,8.3584,8.3802,8.4011,8.4214,8.4409,8.4598,8.4781,8.4958,8.5129,8.5295,8.5455,8.5611,8.5762,8.5909,8.6051,8.6189,8.6324,8.6455,8.6582,8.6705,8.6826,8.6943,8.7057,8.7169,8.7277,8.7383,8.7486,8.7587,8.7685,8.7781,8.7875
1,1.9833,2.6216,3.1175,3.5295,3.8833,4.193,4.4672,4.7115,4.9298,5.1247,5.2983,5.4518,5.5862,5.7019,5.7992,5.878,5.9379,5.978,5.9973,5.9942,5.9663,5.9107,5.8231,5.6974,5.5248,5.2917,4.9749,4.5309,3.8581,2.5848,3.8803,4.5918,5.087,5.4664,5.7724,6.0278,6.2459,6.4353,6.6022,6.7507,6.8841,7.0047,7.1145,7.2151,7.3075,7.3929,7.4721,7.5457,7.6144,7.6787,7.739,7.7957,7.8492,7.8996,7.9473,7.9925,8.0354,8.0762,8.115,8.1519,8.1872,8.2209,8.2531,8.284,8.3136,8.342,8.3692,8.3954,8.4206,8.4448,8.4682,8.4907,8.5124,8.5334,8.5536,8.5732,8.5921,8.6105,8.6282,8.6454,8.662,8.6782,8.6939,8.7091,8.7239,8.7382,8.7522,8.7658,8.779,8.7918,8.8043,8.8165,8.8284,8.8399,8.8512,8.8622,8.8729,8.8834,8.8936,8.9036
1,1.9839,2.623,3.1203,3.5338,3.8895,4.2014,4.4781,4.7253,4.9469,5.1455,5.3233,5.4815,5.6213,5.7431,5.8473,5.9339,6.0027,6.0532,6.0845,6.0954,6.0842,6.0487,5.9856,5.8906,5.7578,5.5781,5.3377,5.0136,4.5619,3.8803,2.5953,3.9018,4.6207,5.1219,5.5064,5.817,6.0764,6.2982,6.4911,6.6611,6.8125,6.9486,7.0718,7.1841,7.2869,7.3815,7.469,7.5501,7.6256,7.6961,7.762,7.824,7.8822,7.9371,7.989,8.038,8.0845,8.1287,8.1706,8.2106,8.2487,8.2851,8.3198,8.3531,8.3849,8.4154,8.4447,8.4728,8.4999,8.5259,8.5509,8.5751,8.5983,8.6208,8.6425,8.6634,8.6837,8.7033,8.7222,8.7406,8.7584,8.7757,8.7924,8.8086,8.8244,8.8397,8.8546,8.8691,8.8831,8.8968,8.9101,8.9231,8.9358,8.9481,8.9601,8.9718,8.9832,8.9943,9.0052,9.0158
1,1.9844,2.6244,3.1228,3.5378,3.8952,4.2092,4.4882,4.7381,4.9627,5.1648,5.3464,5.509,5.6536,5.7809,5.8912,5.9849,6.0617,6.1213,6.1631,6.1861,6.1891,6.1704,6.1275,6.0573,5.9555,5.8158,5.6293,5.3821,5.051,4.5918,3.9018,2.6056,3.9226,4.6486,5.1557,5.5451,5.8601,6.1235,6.3488,6.545,6.7181,6.8724,7.0112,7.1369,7.2515,7.3566,7.4533,7.5428,7.6258,7.7031,7.7753,7.843,7.9065,7.9662,8.0226,8.0758,8.1262,8.174,8.2194,8.2626,8.3037,8.3429,8.3803,8.4161,8.4503,8.4831,8.5146,8.5448,8.5738,8.6017,8.6285,8.6544,8.6793,8.7033,8.7265,8.7489,8.7705,8.7914,8.8117,8.8313,8.8503,8.8687,8.8865,8.9038,8.9206,8.9369,8.9528,8.9682,8.9832,8.9977,9.0119,9.0257,9.0391,9.0522,9.065,9.0774,9.0895,9.1014,9.1129,9.1242
1,1.9848,2.6257,3.1252,3.5416,3.9006,4.2165,4.4977,4.7501,4.9775,5.1827,5.3679,5.5344,5.6834,5.8157,5.9317,6.0316,6.1155,6.1832,6.2343,6.2679,6.2832,6.2789,6.253,6.2032,6.1263,6.0179,5.8717,5.6787,5.425,5.087,4.6207,3.9226,2.6155,3.9427,4.6757,5.1884,5.5826,5.9019,6.1691,6.398,6.5974,6.7735,6.9305,7.0719,7.2001,7.317,7.4243,7.5231,7.6145,7.6994,7.7785,7.8524,7.9217,7.9867,8.048,8.1057,8.1604,8.2121,8.2611,8.3077,8.3521,8.3943,8.4346,8.4731,8.5099,8.5451,8.5789,8.6112,8.6423,8.6722,8.7009,8.7286,8.7552,8.7809,8.8057,8.8296,8.8527,8.875,8.8966,8.9175,8.9377,8.9573,8.9763,8.9948,9.0126,9.03,9.0469,9.0632,9.0792,9.0946,9.1097,9.1244,9.1386,9.1525,9.1661,9.1793,9.1921,9.2047,9.2169,9.2289
1,1.9853,2.6269,3.1275,3.5451,3.9057,4.2233,4.5066,4.7613,4.9912,5.1994,5.3878,5.558,5.7111,5.8479,5.969,6.0746,6.165,6.2399,6.2991,6.3422,6.3682,6.3762,6.3649,6.3323,6.2759,6.1927,6.0779,5.9256,5.7264,5.4664,5.1219,4.6486,3.9427,2.6251,3.9622,4.702,5.2201,5.619,5.9424,6.2133,6.4456,6.6482,6.8272,6.987,7.1309,7.2615,7.3807,7.4901,7.5909,7.6842,7.771,7.8518,7.9274,7.9982,8.0648,8.1275,8.1867,8.2426,8.2957,8.346,8.3938,8.4393,8.4826,8.524,8.5635,8.6013,8.6375,8.6722,8.7055,8.7375,8.7682,8.7978,8.8262,8.8536,8.8801,8.9056,8.9302,8.954,8.977,8.9993,9.0208,9.0417,9.0619,9.0815,9.1005,9.1189,9.1369,9.1543,9.1712,9.1876,9.2036,9.2191,9.2343,9.249,9.2634,9.2774,9.291,9.3043,9.3173,9.3299
1,1.9857,2.6281,3.1296,3.5485,3.9105,4.2297,4.5149,4.7717,5.0041,5.215,5.4064,5.58,5.7368,5.8778,6.0035,6.1144,6.2105,6.292,6.3585,6.4099,6.4454,6.4643,6.4655,6.4475,6.4085,6.3459,6.2566,6.1359,5.9776,5.7724,5.5064,5.1557,4.6757,3.9622,2.6344,3.9812,4.7275,5.2509,5.6543,5.9817,6.2563,6.4919,6.6976,6.8794,7.0418,7.1883,7.3212,7.4426,7.554,7.6568,7.7521,7.8406,7.9231,8.0004,8.0728,8.1408,8.205,8.2655,8.3228,8.3771,8.4286,8.4776,8.5243,8.5687,8.6111,8.6517,8.6905,8.7277,8.7633,8.7975,8.8303,8.8619,8.8923,8.9215,8.9497,8.9769,9.0032,9.0285,9.053,9.0767,9.0996,9.1218,9.1432,9.1641,9.1843,9.2038,9.2229,9.2413,9.2593,9.2767,9.2936,9.3101,9.3262,9.3418,9.357,9.3718,9.3862,9.4003,9.414,9.4274
1,1.9861,2.6292,3.1316,3.5516,3.9149,4.2358,4.5227,4.7815,5.0162,5.2296,5.4238,5.6005,5.7608,5.9056,6.0356,6.1512,6.2526,6.34,6.4131,6.4719,6.5159,6.5443,6.5565,6.5512,6.5269,6.4818,6.4134,6.3182,6.1918,6.0278,5.817,5.5451,5.1884,4.702,3.9812,2.6435,3.9996,4.7522,5.2808,5.6887,6.02,6.2981,6.5369,6.7455,6.9301,7.0952,7.244,7.3792,7.5028,7.6163,7.721,7.8181,7.9084,7.9926,8.0714,8.1454,8.2149,8.2805,8.3424,8.401,8.4565,8.5093,8.5594,8.6072,8.6527,8.6962,8.7378,8.7775,8.8157,8.8522,8.8873,8.921,8.9534,8.9846,9.0146,9.0436,9.0715,9.0985,9.1245,9.1497,9.1741,9.1976,9.2205,9.2426,9.264,9.2848,9.3049,9.3245,9.3435,9.362,9.3799,9.3974,9.4144,9.4309,9.447,9.4626,9.4779,9.4928,9.5073,9.5215
1,1.9865,2.6302,3.1335,3.5546,3.9192,4.2415,4.5301,4.7908,5.0275,5.2433,5.4401,5.6196,5.7832,5.9315,6.0654,6.1854,6.2916,6.3844,6.4636,6.529,6.5805,6.6175,6.6393,6.6451,6.6336,6.6035,6.5526,6.4785,6.3778,6.2459,6.0764,5.8601,5.5826,5.2201,4.7275,3.9996,2.6523,4.0175,4.7763,5.3099,5.722,6.0572,6.3387,6.5807,6.7922,6.9795,7.1471,7.2983,7.4357,7.5614,7.6769,7.7836,7.8824,7.9745,8.0603,8.1407,8.2162,8.2872,8.3541,8.4174,8.4772,8.534,8.5879,8.6392,8.6881,8.7347,8.7792,8.8218,8.8625,8.9016,8.939,8.975,9.0096,9.0428,9.0748,9.1056,9.1354,9.164,9.1917,9.2185,9.2443,9.2693,9.2935,9.317,9.3397,9.3617,9.3831,9.4038,9.4239,9.4435,9.4625,9.481,9.4989,9.5164,9.5334,9.55,9.5661,9.5818,9.5972,9.6121
1,1.9868,2.6312,3.1353,3.5574,3.9232,4.2468,4.537,4.7995,5.0382,5.2561,5.4554,5.6376,5.8041,5.9558,6.0933,6.2173,6.328,6.4256,6.5102,6.5818,6.6401,6.6847,6.7151,6.7307,6.7304,6.7131,6.6773,6.6209,6.5414,6.4353,6.2982,6.1235,5.9019,5.619,5.2509,4.7522,4.0175,2.6609,4.0349,4.7998,5.3382,5.7545,6.0933,6.3782,6.6233,6.8376,7.0276,7.1976,7.3512,7.4908,7.6185,7.736,7.8445,7.9452,8.0389,8.1264,8.2083,8.2852,8.3576,8.426,8.4905,8.5517,8.6096,8.6647,8.7172,8.7671,8.8148,8.8603,8.9039,8.9456,8.9856,9.0239,9.0607,9.0962,9.1302,9.163,9.1946,9.2251,9.2545,9.2829,9.3103,9.3369,9.3625,9.3874,9.4114,9.4348,9.4574,9.4793,9.5006,9.5213,9.5414,9.5609,9.5799,9.5984,9.6163,9.6338,9.6509,9.6674,9.6836,9.6994
1,1.9872,2.6321,3.137,3.56,3.9269,4.2519,4.5436,4.8077,5.0483,5.2682,5.4698,5.6545,5.8238,5.9785,6.1194,6.2471,6.3618,6.464,6.5536,6.6307,6.6951,6.7466,6.7848,6.809,6.8186,6.8126,6.7898,6.7485,6.6869,6.6022,6.4911,6.3488,6.1691,5.9424,5.6543,5.2808,4.7763,4.0349,2.6693,4.0518,4.8226,5.3657,5.7861,6.1286,6.4167,6.6648,6.8819,7.0744,7.2469,7.4027,7.5444,7.6742,7.7936,7.9039,8.0063,8.1017,8.1908,8.2742,8.3526,8.4264,8.4961,8.5619,8.6243,8.6835,8.7398,8.7933,8.8443,8.8931,8.9396,8.9841,9.0268,9.0677,9.1069,9.1446,9.1808,9.2157,9.2493,9.2817,9.3129,9.343,9.3721,9.4002,9.4274,9.4537,9.4792,9.5039,9.5278,9.551,9.5736,9.5954,9.6166,9.6373,9.6573,9.6768,9.6958,9.7142,9.7322,9.7497,9.7668,9.7834
1,1.9875,2.633,3.1386,3.5625,3.9305,4.2567,4.5498,4.8154,5.0578,5.2797,5.4833,5.6705,5.8423,5.9998,6.1439,6.275,6.3935,6.4998,6.594,6.6762,6.7462,6.8039,6.849,6.8811,6.8995,6.9034,6.892,6.8638,6.8174,6.7507,6.6611,6.545,6.398,6.2133,5.9817,5.6887,5.3099,4.7998,4.0518,2.6774,4.0683,4.8448,5.3926,5.8169,6.1629,6.4543,6.7052,6.9251,7.1201,7.2949,7.4529,7.5968,7.7285,7.8498,7.9619,8.066,8.163,8.2537,8.3386,8.4184,8.4936,8.5646,8.6317,8.6953,8.7557,8.8131,8.8677,8.9198,8.9696,9.0171,9.0626,9.1062,9.148,9.1881,9.2266,9.2637,9.2994,9.3337,9.3668,9.3988,9.4296,9.4594,9.4883,9.5161,9.5431,9.5692,9.5945,9.619,9.6428,9.6659,9.6883,9.7101,9.7312,9.7518,9.7718,9.7913,9.8102,9.8286,9.8466,9.8641
1,1.9878,2.6338,3.1402,3.5649,3.9339,4.2613,4.5556,4.8228,5.0667,5.2905,5.4962,5.6855,5.8597,6.0199,6.1669,6.3011,6.4232,6.5333,6.6318,6.7186,6.7937,6.8571,6.9086,6.9476,6.9739,6.9867,6.9853,6.9686,6.9354,6.8841,6.8125,6.7181,6.5974,6.4456,6.2563,6.02,5.722,5.3382,4.8226,4.0683,2.6853,4.0844,4.8665,5.4187,5.847,6.1964,6.4908,6.7447,6.9671,7.1646,7.3418,7.502,7.6479,7.7816,7.9047,8.0186,8.1243,8.2229,8.3151,8.4015,8.4828,8.5593,8.6316,8.6999,8.7647,8.8263,8.8848,8.9405,8.9937,9.0444,9.0929,9.1394,9.1839,9.2265,9.2675,9.3069,9.3448,9.3813,9.4164,9.4503,9.4829,9.5145,9.545,9.5745,9.603,9.6306,9.6573,9.6832,9.7084,9.7327,9.7564,9.7793,9.8017,9.8233,9.8444,9.8649,9.8849,9.9043,9.9232,9.9417
1,1.9881,2.6346,3.1416,3.5672,3.9371,4.2656,4.5612,4.8297,5.0753,5.3007,5.5083,5.6997,5.8762,6.0389,6.1885,6.3258,6.4511,6.5648,6.6671,6.7582,6.8381,6.9067,6.9639,7.0093,7.0427,7.0634,7.0709,7.0644,7.0427,7.0047,6.9486,6.8724,6.7735,6.6482,6.4919,6.2981,6.0572,5.7545,5.3657,4.8448,4.0844,2.6931,4.1002,4.8876,5.4443,5.8763,6.229,6.5265,6.7832,7.0082,7.2081,7.3875,7.5498,7.6977,7.8333,7.9583,8.0739,8.1813,8.2815,8.3751,8.463,8.5456,8.6235,8.697,8.7666,8.8326,8.8953,8.9549,9.0117,9.0659,9.1176,9.1671,9.2145,9.2599,9.3035,9.3453,9.3855,9.4242,9.4615,9.4974,9.532,9.5654,9.5976,9.6288,9.659,9.6881,9.7164,9.7437,9.7702,9.7959,9.8209,9.8451,9.8686,9.8915,9.9137,9.9353,9.9563,9.9767,9.9966,10.016
1,1.9884,2.6353,3.143,3.5694,3.9402,4.2697,4.5665,4.8364,5.0833,5.3104,5.5197,5.7131,5.8917,6.0568,6.209,6.349,6.4773,6.5943,6.7003,6.7954,6.8796,6.953,7.0154,7.0666,7.1064,7.1344,7.1499,7.1524,7.1409,7.1145,7.0718,7.0112,6.9305,6.8272,6.6976,6.5369,6.3387,6.0933,5.7861,5.3926,4.8665,4.1002,2.7007,4.1155,4.9082,5.4692,5.9049,6.2609,6.5614,6.8208,7.0483,7.2506,7.4322,7.5966,7.7465,7.8839,8.0106,8.1279,8.237,8.3387,8.4338,8.5231,8.6071,8.6863,8.7611,8.8319,8.8991,8.9629,9.0236,9.0814,9.1366,9.1894,9.2398,9.2881,9.3344,9.3788,9.4215,9.4625,9.502,9.5401,9.5767,9.6121,9.6462,9.6791,9.711,9.7418,9.7716,9.8005,9.8284,9.8555,9.8818,9.9074,9.9321,9.9562,9.9796,10.002,10.024,10.046,10.067,10.087
1,1.9886,2.6361,3.1443,3.5714,3.9431,4.2736,4.5715,4.8426,5.091,5.3196,5.5306,5.7258,5.9065,6.0737,6.2283,6.3709,6.5021,6.6222,6.7315,6.8302,6.9185,6.9963,7.0635,7.1201,7.1658,7.2002,7.223,7.2335,7.2312,7.2151,7.1841,7.1369,7.0719,6.987,6.8794,6.7455,6.5807,6.3782,6.1286,5.8169,5.4187,4.8876,4.1155,2.708,4.1305,4.9284,5.4935,5.9328,6.2921,6.5954,6.8575,7.0875,7.2921,7.4758,7.6423,7.7941,7.9334,8.0618,8.1808,8.2914,8.3947,8.4913,8.5819,8.6672,8.7477,8.8238,8.8958,8.9641,9.029,9.0908,9.1497,9.2059,9.2596,9.311,9.3602,9.4074,9.4527,9.4962,9.538,9.5783,9.6171,9.6545,9.6906,9.7254,9.759,9.7916,9.823,9.8535,9.883,9.9115,9.9392,9.9661,9.9922,10.018,10.042,10.066,10.089,10.112,10.134,10.155
1,1.9889,2.6367,3.1456,3.5734,3.9459,4.2774,4.5763,4.8486,5.0983,5.3283,5.541,5.7379,5.9204,6.0897,6.2466,6.3916,6.5255,6.6484,6.7609,6.8631,6.955,7.0369,7.1086,7.1701,7.2211,7.2615,7.2908,7.3087,7.3145,7.3075,7.2869,7.2515,7.2001,7.1309,7.0418,6.9301,6.7922,6.6233,6.4167,6.1629,5.847,5.4443,4.9082,4.1305,2.7153,4.1451,4.9481,5.5173,5.9601,6.3225,6.6287,6.8934,7.1258,7.3326,7.5185,7.687,7.8407,7.9818,8.1119,8.2325,8.3447,8.4494,8.5475,8.6395,8.7261,8.8079,8.8851,8.9583,9.0278,9.0938,9.1566,9.2165,9.2737,9.3284,9.3807,9.4308,9.4789,9.525,9.5694,9.612,9.6531,9.6926,9.7308,9.7676,9.8031,9.8374,9.8706,9.9027,9.9338,9.9639,9.9931,10.021,10.049,10.075,10.101,10.126,10.151,10.175,10.198,10.22
1,1.9891,2.6374,3.1468,3.5753,3.9486,4.2809,4.5809,4.8543,5.1053,5.3367,5.5508,5.7494,5.9337,6.1049,6.2639,6.4113,6.5476,6.6733,6.7887,6.894,6.9895,7.0751,7.1509,7.2169,7.2729,7.3187,7.354,7.3785,7.3917,7.3929,7.3815,7.3566,7.317,7.2615,7.1883,7.0952,6.9795,6.8376,6.6648,6.4543,6.1964,5.8763,5.4692,4.9284,4.1451,2.7223,4.1594,4.9673,5.5405,5.9868,6.3522,6.6613,6.9284,7.1633,7.3723,7.5603,7.7307,7.8863,8.0291,8.161,8.2832,8.3969,8.503,8.6025,8.6959,8.7838,8.8668,8.9452,9.0196,9.0902,9.1572,9.2211,9.2821,9.3402,9.3958,9.4491,9.5001,9.549,9.596,9.6412,9.6846,9.7264,9.7667,9.8056,9.8431,9.8793,9.9143,9.9482,9.9809,10.013,10.043,10.073,10.102,10.13,10.157,10.184,10.209,10.234,10.258,10.282
1,1.9894,2.638,3.148,3.5771,3.9511,4.2843,4.5853,4.8598,5.1119,5.3446,5.5602,5.7603,5.9463,6.1194,6.2803,6.4299,6.5685,6.6968,6.8149,6.9233,7.022,7.1111,7.1908,7.2609,7.3215,7.3723,7.4131,7.4436,7.4634,7.4721,7.469,7.4533,7.4243,7.3807,7.3212,7.244,7.1471,7.0276,6.8819,6.7052,6.4908,6.229,5.9049,5.4935,4.9481,4.1594,2.7292,4.1734,4.9861,5.5633,6.0129,6.3813,6.6931,6.9628,7.1999,7.4112,7.6012,7.7735,7.9309,8.0755,8.2089,8.3327,8.4479,8.5555,8.6564,8.7511,8.8403,8.9245,9.0041,9.0796,9.1513,9.2195,9.2844,9.3463,9.4054,9.462,9.5161,9.568,9.6178,9.6656,9.7116,9.7558,9.7984,9.8394,9.879,9.9172,9.9541,9.9898,10.024,10.058,10.09,10.121,10.152,10.181,10.21,10.237,10.264,10.291,10.316,10.341
1,1.9896,2.6386,3.1491,3.5788,3.9536,4.2876,4.5894,4.865,5.1182,5.3522,5.5691,5.7707,5.9583,6.1332,6.296,6.4476,6.5884,6.7191,6.8398,6.9509,7.0527,7.1451,7.2283,7.3023,7.3671,7.4225,7.4683,7.5044,7.5303,7.5457,7.5501,7.5428,7.5231,7.4901,7.4426,7.3792,7.2983,7.1976,7.0744,6.9251,6.7447,6.5265,6.2609,5.9328,5.5173,4.9673,4.1734,2.736,4.1871,5.0046,5.5855,6.0384,6.4098,6.7242,6.9964,7.2358,7.4492,7.6412,7.8154,7.9746,8.1209,8.256,8.3813,8.498,8.607,8.7092,8.8052,8.8956,8.9811,9.0619,9.1385,9.2112,9.2805,9.3464,9.4093,9.4694,9.5269,9.5819,9.6346,9.6853,9.7339,9.7807,9.8257,9.869,9.9108,9.9511,9.99,10.028,10.064,10.099,10.133,10.166,10.198,10.229,10.259,10.288,10.316,10.344,10.371,10.397
1,1.9898,2.6392,3.1501,3.5804,3.9559,4.2907,4.5934,4.8699,5.1243,5.3594,5.5776,5.7806,5.9698,6.1463,6.3109,6.4644,6.6073,6.7402,6.8634,6.9772,7.0817,7.1772,7.2638,7.3414,7.4101,7.4698,7.5203,7.5614,7.5929,7.6144,7.6256,7.6258,7.6145,7.5909,7.554,7.5028,7.4357,7.3512,7.2469,7.1201,6.9671,6.7832,6.5614,6.2921,5.9601,5.5405,4.9861,4.1871,2.7426,4.2005,5.0226,5.6073,6.0635,6.4377,6.7547,7.0293,7.271,7.4864,7.6804,7.8564,8.0174,8.1653,8.302,8.4288,8.547,8.6574,8.7609,8.8582,8.9499,9.0365,9.1185,9.1962,9.27,9.3403,9.4072,9.4711,9.5321,9.5905,9.6464,9.7001,9.7515,9.801,9.8485,9.8943,9.9384,9.9809,10.022,10.061,10.1,10.137,10.173,10.207,10.241,10.273,10.305,10.335,10.365,10.394,10.422,10.449
1,1.99,2.6398,3.1511,3.582,3.9581,4.2937,4.5973,4.8747,5.1301,5.3663,5.5857,5.7901,5.9807,6.1588,6.3251,6.4804,6.6253,6.7604,6.8858,7.0021,7.1093,7.2077,7.2973,7.3783,7.4507,7.5143,7.5691,7.6149,7.6516,7.6787,7.6961,7.7031,7.6994,7.6842,7.6568,7.6163,7.5614,7.4908,7.4027,7.2949,7.1646,7.0082,6.8208,6.5954,6.3225,5.9868,5.5633,5.0046,4.2005,2.7491,4.2137,5.0403,5.6286,6.088,6.465,6.7846,7.0615,7.3054,7.5229,7.7188,7.8967,8.0593,8.2089,8.3472,8.4755,8.5951,8.7068,8.8117,8.9102,9.0032,9.0909,9.174,9.2529,9.3277,9.399,9.4669,9.5318,9.5937,9.653,9.7098,9.7643,9.8166,9.8668,9.9151,9.9617,10.006,10.05,10.091,10.132,10.171,10.208,10.245,10.28,10.314,10.347,10.379,10.41,10.441,10.47,10.499
1,1.9902,2.6403,3.1521,3.5835,3.9603,4.2965,4.6009,4.8792,5.1356,5.3729,5.5935,5.7991,5.9912,6.1707,6.3386,6.4957,6.6425,6.7795,6.9071,7.0257,7.1354,7.2365,7.3291,7.4133,7.489,7.5563,7.6151,7.6653,7.7067,7.739,7.762,7.7753,7.7785,7.771,7.7521,7.721,7.6769,7.6185,7.5444,7.4529,7.3418,7.2081,7.0483,6.8575,6.6287,6.3522,6.0129,5.5855,5.0226,4.2137,2.7555,4.2265,5.0576,5.6495,6.112,6.4918,6.8139,7.0931,7.3391,7.5586,7.7564,7.9361,8.1004,8.2516,8.3914,8.5212,8.6422,8.7553,8.8615,8.9613,9.0554,9.1443,9.2285,9.3084,9.3844,9.4566,9.5255,9.5913,9.6542,9.7144,9.772,9.8273,9.8804,9.9315,9.9806,10.028,10.073,10.117,10.16,10.201,10.24,10.279,10.316,10.351,10.386,10.42,10.453,10.484,10.515,10.545
1,1.9904,2.6408,3.153,3.585,3.9623,4.2993,4.6044,4.8836,5.1409,5.3793,5.601,5.8078,6.0012,6.1821,6.3516,6.5103,6.6589,6.7978,6.9275,7.0482,7.1603,7.264,7.3593,7.4464,7.5253,7.5961,7.6586,7.7129,7.7586,7.7957,7.824,7.843,7.8524,7.8518,7.8406,7.8181,7.7836,7.736,7.6742,7.5968,7.502,7.3875,7.2506,7.0875,6.8934,6.6613,6.3813,6.0384,5.6073,5.0403,4.2265,2.7617,4.2392,5.0746,5.67,6.1355,6.5181,6.8426,7.1241,7.3722,7.5937,7.7933,7.9748,8.1408,8.2936,8.4349,8.5661,8.6885,8.8029,8.9103,9.0114,9.1067,9.1967,9.282,9.363,9.44,9.5132,9.5831,9.6498,9.7136,9.7746,9.8331,9.8893,9.9432,9.995,10.045,10.093,10.139,10.184,10.227,10.269,10.309,10.348,10.385,10.422,10.457,10.491,10.525,10.557,10.588
1,1.9906,2.6413,3.1539,3.5864,3.9643,4.3019,4.6078,4.8878,5.146,5.3853,5.6081,5.8161,6.0107,6.193,6.3639,6.5242,6.6745,6.8152,6.9468,7.0697,7.184,7.2901,7.388,7.4779,7.5598,7.6338,7.6998,7.7578,7.8076,7.8492,7.8822,7.9065,7.9217,7.9274,7.9231,7.9084,7.8824,7.8445,7.7936,7.7285,7.6479,7.5498,7.4322,7.2921,7.1258,6.9284,6.6931,6.4098,6.0635,5.6286,5.0576,4.2392,2.7678,4.2515,5.0912,5.6901,6.1586,6.5438,6.8708,7.1545,7.4047,7.6281,7.8295,8.0127,8.1803,8.3347,8.4775,8.6101,8.7339,8.8496,8.9583,9.0605,9.157,9.2482,9.3346,9.4166,9.4946,9.5688,9.6396,9.7072,9.7719,9.8338,9.8932,9.9501,10.005,10.057,10.108,10.157,10.204,10.249,10.293,10.335,10.376,10.416,10.454,10.491,10.527,10.562,10.596,10.628
1,1.9907,2.6418,3.1548,3.5877,3.9662,4.3044,4.611,4.8918,5.1509,5.3912,5.615,5.8241,6.0199,6.2035,6.3758,6.5375,6.6894,6.8319,6.9653,7.0902,7.2066,7.3149,7.4153,7.5078,7.5925,7.6695,7.7388,7.8003,7.8539,7.8996,7.9371,7.9662,7.9867,7.9982,8.0004,7.9926,7.9745,7.9452,7.9039,7.8498,7.7816,7.6977,7.5966,7.4758,7.3326,7.1633,6.9628,6.7242,6.4377,6.088,5.6495,5.0746,4.2515,2.7738,4.2637,5.1075,5.7099,6.1812,6.569,6.8984,7.1843,7.4365,7.6618,7.8651,8.0499,8.2192,8.3751,8.5193,8.6534,8.7784,8.8955,9.0054,9.1088,9.2064,9.2987,9.3862,9.4692,9.5482,9.6234,9.6952,9.7637,9.8293,9.892,9.9522,10.01,10.065,10.119,10.17,10.22,10.267,10.313,10.358,10.401,10.442,10.482,10.521,10.559,10.596,10.631,10.665
1,1.9909,2.6422,3.1556,3.589,3.968,4.3069,4.6142,4.8957,5.1556,5.3968,5.6216,5.8317,6.0287,6.2135,6.3871,6.5503,6.7037,6.8478,6.983,7.1097,7.2282,7.3386,7.4413,7.5363,7.6237,7.7035,7.7758,7.8406,7.8978,7.9473,7.989,8.0226,8.048,8.0648,8.0728,8.0714,8.0603,8.0389,8.0063,7.9619,7.9047,7.8333,7.7465,7.6423,7.5185,7.3723,7.1999,6.9964,6.7547,6.465,6.112,5.67,5.0912,4.2637,2.7797,4.2756,5.1235,5.7292,6.2034,6.5938,6.9255,7.2135,7.4677,7.6949,7.8999,8.0865,8.2573,8.4147,8.5604,8.6958,8.8222,8.9405,9.0516,9.1562,9.255,9.3484,9.4369,9.5209,9.6009,9.6771,9.7497,9.8192,9.8856,9.9492,10.01,10.069,10.125,10.179,10.231,10.281,10.33,10.377,10.422,10.465,10.507,10.548,10.588,10.626,10.663,10.699
1,1.9911,2.6427,3.1565,3.5902,3.9698,4.3092,4.6172,4.8994,5.1601,5.4022,5.6279,5.8391,6.0371,6.2231,6.398,6.5626,6.7174,6.863,6.9999,7.1284,7.2488,7.3613,7.4661,7.5634,7.6533,7.7358,7.811,7.8789,7.9394,7.9925,8.038,8.0758,8.1057,8.1275,8.1408,8.1454,8.1407,8.1264,8.1017,8.066,8.0186,7.9583,7.8839,7.7941,7.687,7.5603,7.4112,7.2358,7.0293,6.7846,6.4918,6.1355,5.6901,5.1075,4.2756,2.7855,4.2873,5.1393,5.7482,6.2253,6.6181,6.9521,7.2422,7.4984,7.7274,7.9342,8.1224,8.2948,8.4536,8.6007,8.7375,8.8652,8.9848,9.0971,9.2028,9.3027,9.3972,9.4867,9.5718,9.6527,9.7298,9.8034,9.8737,9.941,10.005,10.067,10.127,10.184,10.239,10.291,10.342,10.391,10.439,10.485,10.529,10.572,10.613,10.653,10.692,10.73
1,1.9912,2.6431,3.1572,3.5914,3.9715,4.3115,4.6201,4.903,5.1644,5.4073,5.634,5.8461,6.0452,6.2323,6.4084,6.5743,6.7305,6.8777,7.0161,7.1463,7.2685,7.3829,7.4898,7.5893,7.6816,7.7666,7.8446,7.9153,7.979,8.0354,8.0845,8.1262,8.1604,8.1867,8.205,8.2149,8.2162,8.2083,8.1908,8.163,8.1243,8.0739,8.0106,7.9334,7.8407,7.7307,7.6012,7.4492,7.271,7.0615,6.8139,6.5181,6.1586,5.7099,5.1235,4.2873,2.7912,4.2988,5.1547,5.7668,6.2467,6.642,6.9782,7.2705,7.5286,7.7594,7.9678,8.1576,8.3315,8.4919,8.6404,8.7785,8.9075,9.0283,9.1417,9.2487,9.3496,9.4451,9.5357,9.6218,9.7037,9.7817,9.8562,9.9274,9.9955,10.061,10.123,10.184,10.241,10.297,10.351,10.402,10.452,10.5,10.546,10.591,10.635,10.677,10.717,10.757
