1,1,1,1,1,1,1,1,1,1,1,1,1,1,1,1,1,1,1,1,1,1,1,1,1,1,1,1,1,1,1,1,1,1,1,1,1,1,1,1,1,1,1,1,1,1,1,1,1,1,1,1,1,1,1,1,1,1,1,1,1,1,1,1,1,1,1,1,1,1,1,1,1,1,1,1,1,1,1,1,1,1,1,1,1,1,1,1,1,1,1,1,1,1,1,1,1,1,1,1,1,1,1,1,1,1,1,1,1,1,1,1,1,1,1,1,1,1,1,1,1,1,1,1,1,1,1,1,1,1,1,1,1,1,1,1,1,1,1,1,1,1,1,1,1,1,1,1,1,1,1,1,1,1,1,1,1,1,1,1,1,1,1,1,1,1,1,1,1,1,1,1
1,1.5,1.75,1.8333,1.875,1.9,1.9167,1.9286,1.9375,1.9444,1.95,1.9545,1.9583,1.9615,1.9643,1.9667,1.9688,1.9706,1.9722,1.9737,1.975,1.9762,1.9773,1.9783,1.9792,1.98,1.9808,1.9815,1.9821,1.9828,1.9833,1.9839,1.9844,1.9848,1.9853,1.9857,1.9861,1.9865,1.9868,1.9872,1.9875,1.9878,1.9881,1.9884,1.9886,1.9889,1.9891,1.9894,1.9896,1.9898,1.99,1.9902,1.9904,1.9906,1.9907,1.9909,1.9911,1.9912,1.9914,1.9915,1.9917,1.9918,1.9919,1.9921,1.9922,1.9923,1.9924,1.9925,1.9926,1.9928,1.9929,1.993,1.9931,1.9932,1.9932,1.9933,1.9934,1.9935,1.9936,1.9937,1.9937,1.9938,1.9939,1.994,1.994,1.9941,1.9942,1.9943,1.9943,1.9944,1.9944,1.9945,1.9946,1.9946,1.9947,1.9947,1.9948,1.9948,1.9949,1.9949,1.995,1.995,1.9951,1.9951,1.9952,1.9952,1.9953,1.9953,1.9954,1.9954,1.9955,1.9955,1.9955,1.9956,1.9956,1.9957,1.9957,1.9957,1.9958,1.9958,1.9958,1.9959,1.9959,1.9959,1.996,1.996,1.996,1.9961,1.9961,1.9961,1.9962,1.9962,1.9962,1.9962,1.9963,1.9963,1.9963,1.9964,1.9964,1.9964,1.9964,1.9965,1.9965,1.9965,1.9965,1.9966,1.9966,1.9966,1.9966,1.9966,1.9967,1.9967,1.9967,1.9967,1.9968,1.9968,1.9968,1.9968,1.9968,1.9969,1.9969,1.9969,1.9969,1.9969,1.997,1.997,1.997,1.997,1.997,1.997,1.9971,1.9971
1,1.75,1.7083,2.125,2.2847,2.3708,2.425,2.4623,2.4896,2.5104,2.5269,2.5402,2.5511,2.5604,2.5682,2.575,2.5809,2.5861,2.5907,2.5948,2.5985,2.6018,2.6048,2.6075,2.6101,2.6124,2.6145,2.6165,2.6183,2.62,2.6216,2.623,2.6244,2.6257,2.6269,2.6281,2.6292,2.6302,2.6312,2.6321,2.633,2.6338,2.6346,2.6353,2.6361,2.6367,2.6374,2.638,2.6386,2.6392,2.6398,2.6403,2.6408,2.6413,2.6418,2.6422,2.6427,2.6431,2.6435,2.6439,2.6443,2.6446,2.645,2.6454,2.6457,2.646,2.6463,2.6466,2.6469,2.6472,2.6475,2.6478,2.648,2.6483,2.6485,2.6488,2.649,2.6493,2.6495,2.6497,2.6499,2.6501,2.6503,2.6505,2.6507,2.6509,2.6511,2.6513,2.6514,2.6516,2.6518,2.6519,2.6521,2.6523,2.6524,2.6526,2.6527,2.6529,2.653,2.6531,2.6533,2.6534,2.6535,2.6537,2.6538,2.6539,2.654,2.6542,2.6543,2.6544,2.6545,2.6546,2.6547,2.6548,2.6549,2.655,2.6551,2.6552,2.6553,2.6554,2.6555,2.6556,2.6557,2.6558,2.6559,2.656,2.656,2.6561,2.6562,2.6563,2.6564,2.6565,2.6565,2.6566,2.6567,2.6568,2.6568,2.6569,2.657,2.657,2.6571,2.6572,2.6572,2.6573,2.6574,2.6574,2.6575,2.6576,2.6576,2.6577,2.6578,2.6578,2.6579,2.6579,2.658,2.658,2.6581,2.6582,2.6582,2.6583,2.6583,2.6584,2.6584,2.6585,2.6585,2.6586,2.6586,2.6587,2.6587,2.6588,2.6588,2.6588
1,1.8333,2.125,1.8375,2.3719,2.5938,2.7194,2.8011,2.8587,2.9016,2.9349,2.9614,2.9831,3.0012,3.0164,3.0295,3.0409,3.0508,3.0595,3.0673,3.0743,3.0806,3.0862,3.0914,3.0961,3.1004,3.1044,3.108,3.1114,3.1146,3.1175,3.1203,3.1228,3.1252,3.1275,3.1296,3.1316,3.1335,3.1353,3.137,3.1386,3.1402,3.1416,3.143,3.1443,3.1456,3.1468,3.148,3.1491,3.1501,3.1511,3.1521,3.153,3.1539,3.1548,3.1556,3.1565,3.1572,3.158,3.1587,3.1594,3.1601,3.1607,3.1614,3.162,3.1626,3.1631,3.1637,3.1642,3.1648,3.1653,3.1658,3.1663,3.1667,3.1672,3.1676,3.168,3.1685,3.1689,3.1693,3.1697,3.17,3.1704,3.1708,3.1711,3.1715,3.1718,3.1721,3.1725,3.1728,3.1731,3.1734,3.1737,3.1739,3.1742,3.1745,3.1748,3.175,3.1753,3.1755,3.1758,3.176,3.1763,3.1765,3.1767,3.1769,3.1772,3.1774,3.1776,3.1778,3.178,3.1782,3.1784,3.1786,3.1788,3.179,3.1792,3.1793,3.1795,3.1797,3.1799,3.18,3.1802,3.1803,3.1805,3.1807,3.1808,3.181,3.1811,3.1813,3.1814,3.1816,3.1817,3.1818,3.182,3.1821,3.1822,3.1824,3.1825,3.1826,3.1827,3.1829,3.183,3.1831,3.1832,3.1833,3.1835,3.1836,3.1837,3.1838,3.1839,3.184,3.1841,3.1842,3.1843,3.1844,3.1845,3.1846,3.1847,3.1848,3.1849,3.185,3.1851,3.1852,3.1853,3.1854,3.1855,3.1856,3.1856,3.1857,3.1858,3.1859
1,1.875,2.2847,2.3719,1.9306,2.5547,2.8278,2.9878,3.0945,3.1712,3.2292,3.2746,3.3113,3.3414,3.3667,3.3882,3.4067,3.4229,3.437,3.4496,3.4608,3.4708,3.4799,3.4881,3.4956,3.5024,3.5087,3.5145,3.5199,3.5249,3.5295,3.5338,3.5378,3.5416,3.5451,3.5485,3.5516,3.5546,3.5574,3.56,3.5625,3.5649,3.5672,3.5694,3.5714,3.5734,3.5753,3.5771,3.5788,3.5804,3.582,3.5835,3.585,3.5864,3.5877,3.589,3.5902,3.5914,3.5926,3.5937,3.5948,3.5959,3.5969,3.5978,3.5988,3.5997,3.6006,3.6015,3.6023,3.6031,3.6039,3.6047,3.6054,3.6061,3.6068,3.6075,3.6082,3.6088,3.6094,3.6101,3.6107,3.6112,3.6118,3.6124,3.6129,3.6134,3.614,3.6145,3.6149,3.6154,3.6159,3.6164,3.6168,3.6173,3.6177,3.6181,3.6185,3.6189,3.6193,3.6197,3.6201,3.6205,3.6208,3.6212,3.6215,3.6219,3.6222,3.6225,3.6229,3.6232,3.6235,3.6238,3.6241,3.6244,3.6247,3.625,3.6253,3.6255,3.6258,3.6261,3.6263,3.6266,3.6268,3.6271,3.6273,3.6276,3.6278,3.628,3.6283,3.6285,3.6287,3.6289,3.6292,3.6294,3.6296,3.6298,3.63,3.6302,3.6304,3.6306,3.6308,3.631,3.6311,3.6313,3.6315,3.6317,3.6319,3.632,3.6322,3.6324,3.6325,3.6327,3.6329,3.633,3.6332,3.6333,3.6335,3.6337,3.6338,3.6339,3.6341,3.6342,3.6344,3.6345,3.6347,3.6348,3.6349,3.6351,3.6352,3.6353,3.6355,3.6356
1,1.9,2.3708,2.5938,2.5547,2.0032,2.6993,3.0155,3.2057,3.3349,3.4293,3.5014,3.5585,3.6049,3.6434,3.6759,3.7036,3.7276,3.7486,3.7671,3.7836,3.7983,3.8115,3.8234,3.8343,3.8443,3.8534,3.8617,3.8695,3.8766,3.8833,3.8895,3.8952,3.9006,3.9057,3.9105,3.9149,3.9192,3.9232,3.9269,3.9305,3.9339,3.9371,3.9402,3.9431,3.9459,3.9486,3.9511,3.9536,3.9559,3.9581,3.9603,3.9623,3.9643,3.9662,3.968,3.9698,3.9715,3.9731,3.9747,3.9762,3.9777,3.9791,3.9805,3.9819,3.9831,3.9844,3.9856,3.9868,3.9879,3.989,3.9901,3.9912,3.9922,3.9932,3.9941,3.9951,3.996,3.9969,3.9977,3.9986,3.9994,4.0002,4.001,4.0017,4.0025,4.0032,4.0039,4.0046,4.0053,4.0059,4.0066,4.0072,4.0078,4.0084,4.009,4.0096,4.0102,4.0107,4.0113,4.0118,4.0123,4.0128,4.0133,4.0138,4.0143,4.0148,4.0152,4.0157,4.0161,4.0166,4.017,4.0174,4.0178,4.0182,4.0186,4.019,4.0194,4.0198,4.0202,4.0205,4.0209,4.0212,4.0216,4.0219,4.0223,4.0226,4.0229,4.0233,4.0236,4.0239,4.0242,4.0245,4.0248,4.0251,4.0254,4.0257,4.0259,4.0262,4.0265,4.0267,4.027,4.0273,4.0275,4.0278,4.028,4.0283,4.0285,4.0288,4.029,4.0292,4.0295,4.0297,4.0299,4.0301,4.0303,4.0306,4.0308,4.031,4.0312,4.0314,4.0316,4.0318,4.032,4.0322,4.0324,4.0326,4.0328,4.0329,4.0331,4.0333,4.0335
1,1.9167,2.425,2.7194,2.8278,2.6993,2.0626,2.8187,3.1719,3.3887,3.5383,3.6489,3.7343,3.8025,3.8583,3.9048,3.9443,3.9782,4.0076,4.0334,4.0563,4.0766,4.0949,4.1114,4.1263,4.1399,4.1523,4.1637,4.1742,4.184,4.193,4.2014,4.2092,4.2165,4.2233,4.2297,4.2358,4.2415,4.2468,4.2519,4.2567,4.2613,4.2656,4.2697,4.2736,4.2774,4.2809,4.2843,4.2876,4.2907,4.2937,4.2965,4.2993,4.3019,4.3044,4.3069,4.3092,4.3115,4.3137,4.3158,4.3178,4.3198,4.3216,4.3235,4.3253,4.327,4.3286,4.3302,4.3318,4.3333,4.3348,4.3362,4.3376,4.3389,4.3403,4.3415,4.3428,4.344,4.3452,4.3463,4.3474,4.3485,4.3496,4.3506,4.3516,4.3526,4.3535,4.3545,4.3554,4.3563,4.3572,4.358,4.3588,4.3597,4.3605,4.3612,4.362,4.3627,4.3635,4.3642,4.3649,4.3656,4.3663,4.3669,4.3676,4.3682,4.3688,4.3694,4.37,4.3706,4.3712,4.3718,4.3723,4.3729,4.3734,4.3739,4.3745,4.375,4.3755,4.376,4.3764,4.3769,4.3774,4.3779,4.3783,4.3787,4.3792,4.3796,4.38,4.3805,4.3809,4.3813,4.3817,4.3821,4.3824,4.3828,4.3832,4.3836,4.3839,4.3843,4.3846,4.385,4.3853,4.3857,4.386,4.3863,4.3867,4.387,4.3873,4.3876,4.3879,4.3882,4.3885,4.3888,4.3891,4.3894,4.3897,4.3899,4.3902,4.3905,4.3908,4.391,4.3913,4.3915,4.3918,4.3921,4.3923,4.3926,4.3928,4.393,4.3933,4.3935
1,1.9286,2.4623,2.8011,2.9878,3.0155,2.8187,2.1128,2.9202,3.3057,3.5463,3.7144,3.8399,3.9377,4.0164,4.0811,4.1354,4.1816,4.2215,4.2563,4.2869,4.314,4.3383,4.3601,4.3798,4.3977,4.414,4.429,4.4427,4.4554,4.4672,4.4781,4.4882,4.4977,4.5066,4.5149,4.5227,4.5301,4.537,4.5436,4.5498,4.5556,4.5612,4.5665,4.5715,4.5763,4.5809,4.5853,4.5894,4.5934,4.5973,4.6009,4.6044,4.6078,4.611,4.6142,4.6172,4.6201,4.6228,4.6255,4.6281,4.6306,4.633,4.6354,4.6376,4.6398,4.6419,4.644,4.646,4.6479,4.6498,4.6516,4.6534,4.6551,4.6568,4.6584,4.66,4.6615,4.663,4.6644,4.6659,4.6672,4.6686,4.6699,4.6712,4.6724,4.6736,4.6748,4.676,4.6771,4.6782,4.6793,4.6804,4.6814,4.6824,4.6834,4.6844,4.6853,4.6863,4.6872,4.6881,4.6889,4.6898,4.6906,4.6915,4.6923,4.693,4.6938,4.6946,4.6953,4.6961,4.6968,4.6975,4.6982,4.6989,4.6995,4.7002,4.7008,4.7015,4.7021,4.7027,4.7033,4.7039,4.7045,4.705,4.7056,4.7062,4.7067,4.7072,4.7078,4.7083,4.7088,4.7093,4.7098,4.7103,4.7108,4.7112,4.7117,4.7122,4.7126,4.7131,4.7135,4.7139,4.7144,4.7148,4.7152,4.7156,4.716,4.7164,4.7168,4.7172,4.7176,4.718,4.7183,4.7187,4.7191,4.7194,4.7198,4.7201,4.7205,4.7208,4.7211,4.7215,4.7218,4.7221,4.7224,4.7227,4.7231,4.7234,4.7237,4.724,4.7243
1,1.9375,2.4896,2.8587,3.0945,3.2057,3.1719,2.9202,2.1563,3.0083,3.4225,3.6845,3.8695,4.0089,4.1182,4.2067,4.2799,4.3416,4.3944,4.4401,4.4801,4.5154,4.5467,4.5748,4.6001,4.623,4.6439,4.663,4.6805,4.6966,4.7115,4.7253,4.7381,4.7501,4.7613,4.7717,4.7815,4.7908,4.7995,4.8077,4.8154,4.8228,4.8297,4.8364,4.8426,4.8486,4.8543,4.8598,4.865,4.8699,4.8747,4.8792,4.8836,4.8878,4.8918,4.8957,4.8994,4.903,4.9065,4.9098,4.913,4.9161,4.9191,4.922,4.9248,4.9275,4.9301,4.9327,4.9351,4.9375,4.9398,4.9421,4.9443,4.9464,4.9484,4.9504,4.9524,4.9543,4.9561,4.9579,4.9597,4.9614,4.963,4.9647,4.9662,4.9678,4.9693,4.9707,4.9722,4.9736,4.9749,4.9763,4.9776,4.9788,4.9801,4.9813,4.9825,4.9837,4.9848,4.9859,4.987,4.9881,4.9892,4.9902,4.9912,4.9922,4.9932,4.9941,4.9951,4.996,4.9969,4.9978,4.9986,4.9995,5.0003,5.0011,5.0019,5.0027,5.0035,5.0043,5.005,5.0058,5.0065,5.0072,5.0079,5.0086,5.0093,5.01,5.0106,5.0113,5.0119,5.0125,5.0131,5.0138,5.0144,5.0149,5.0155,5.0161,5.0167,5.0172,5.0178,5.0183,5.0188,5.0194,5.0199,5.0204,5.0209,5.0214,5.0219,5.0224,5.0228,5.0233,5.0238,5.0242,5.0247,5.0251,5.0255,5.026,5.0264,5.0268,5.0272,5.0277,5.0281,5.0285,5.0289,5.0293,5.0296,5.03,5.0304,5.0308,5.0311,5.0315
1,1.9444,2.5104,2.9016,3.1712,3.3349,3.3887,3.3057,3.0083,2.1947,3.0862,3.5261,3.8074,4.008,4.1601,4.2803,4.3781,4.4594,4.5282,4.5873,4.6386,4.6836,4.7234,4.7589,4.7908,4.8196,4.8457,4.8695,4.8913,4.9113,4.9298,4.9469,4.9627,4.9775,4.9912,5.0041,5.0162,5.0275,5.0382,5.0483,5.0578,5.0667,5.0753,5.0833,5.091,5.0983,5.1053,5.1119,5.1182,5.1243,5.1301,5.1356,5.1409,5.146,5.1509,5.1556,5.1601,5.1644,5.1686,5.1727,5.1766,5.1803,5.1839,5.1874,5.1908,5.1941,5.1973,5.2004,5.2033,5.2062,5.209,5.2117,5.2144,5.2169,5.2194,5.2218,5.2242,5.2265,5.2287,5.2308,5.2329,5.235,5.237,5.2389,5.2408,5.2427,5.2445,5.2463,5.248,5.2497,5.2513,5.2529,5.2545,5.256,5.2575,5.259,5.2604,5.2619,5.2632,5.2646,5.2659,5.2672,5.2685,5.2697,5.2709,5.2721,5.2733,5.2744,5.2755,5.2766,5.2777,5.2788,5.2798,5.2808,5.2818,5.2828,5.2838,5.2848,5.2857,5.2866,5.2875,5.2884,5.2893,5.2901,5.291,5.2918,5.2926,5.2934,5.2942,5.295,5.2958,5.2965,5.2972,5.298,5.2987,5.2994,5.3001,5.3008,5.3015,5.3021,5.3028,5.3034,5.3041,5.3047,5.3053,5.3059,5.3065,5.3071,5.3077,5.3083,5.3089,5.3094,5.31,5.3105,5.3111,5.3116,5.3121,5.3126,5.3132,5.3137,5.3142,5.3146,5.3151,5.3156,5.3161,5.3166,5.317,5.3175,5.3179,5.3184,5.3188,5.3192
1,1.95,2.5269,2.9349,3.2292,3.4293,3.5383,3.5463,3.4225,3.0862,2.229,3.156,3.6191,3.9181,4.133,4.2971,4.4274,4.534,4.6229,4.6985,4.7636,4.8203,4.8702,4.9145,4.954,4.9896,5.0218,5.051,5.0777,5.1022,5.1247,5.1455,5.1648,5.1827,5.1994,5.215,5.2296,5.2433,5.2561,5.2682,5.2797,5.2905,5.3007,5.3104,5.3196,5.3283,5.3367,5.3446,5.3522,5.3594,5.3663,5.3729,5.3793,5.3853,5.3912,5.3968,5.4022,5.4073,5.4123,5.4171,5.4218,5.4262,5.4305,5.4347,5.4387,5.4426,5.4464,5.45,5.4536,5.457,5.4603,5.4635,5.4667,5.4697,5.4726,5.4755,5.4783,5.481,5.4836,5.4862,5.4887,5.4911,5.4935,5.4958,5.498,5.5002,5.5024,5.5045,5.5065,5.5085,5.5104,5.5123,5.5142,5.516,5.5178,5.5195,5.5212,5.5229,5.5245,5.5261,5.5276,5.5292,5.5307,5.5321,5.5336,5.535,5.5363,5.5377,5.539,5.5403,5.5416,5.5428,5.5441,5.5453,5.5465,5.5476,5.5488,5.5499,5.551,5.5521,5.5531,5.5542,5.5552,5.5562,5.5572,5.5582,5.5592,5.5601,5.561,5.562,5.5629,5.5637,5.5646,5.5655,5.5663,5.5672,5.568,5.5688,5.5696,5.5704,5.5711,5.5719,5.5727,5.5734,5.5741,5.5748,5.5756,5.5762,5.5769,5.5776,5.5783,5.5789,5.5796,5.5802,5.5809,5.5815,5.5821,5.5827,5.5833,5.5839,5.5845,5.5851,5.5857,5.5862,5.5868,5.5873,5.5879,5.5884,5.589,5.5895,5.59,5.5905
1,1.9545,2.5402,2.9614,3.2746,3.5014,3.6489,3.7144,3.6845,3.5261,3.156,2.26,3.2191,3.7034,4.0187,4.2468,4.4221,4.5619,4.6768,4.7731,4.8551,4.926,4.9879,5.0426,5.0911,5.1346,5.1738,5.2093,5.2416,5.2712,5.2983,5.3233,5.3464,5.3679,5.3878,5.4064,5.4238,5.4401,5.4554,5.4698,5.4833,5.4962,5.5083,5.5197,5.5306,5.541,5.5508,5.5602,5.5691,5.5776,5.5857,5.5935,5.601,5.6081,5.615,5.6216,5.6279,5.634,5.6398,5.6455,5.6509,5.6561,5.6612,5.6661,5.6708,5.6753,5.6797,5.684,5.6881,5.6922,5.696,5.6998,5.7034,5.707,5.7104,5.7138,5.717,5.7202,5.7233,5.7263,5.7292,5.732,5.7348,5.7375,5.7401,5.7426,5.7451,5.7476,5.7499,5.7523,5.7545,5.7567,5.7589,5.761,5.7631,5.7651,5.7671,5.769,5.7709,5.7728,5.7746,5.7763,5.7781,5.7798,5.7814,5.7831,5.7847,5.7863,5.7878,5.7893,5.7908,5.7923,5.7937,5.7951,5.7965,5.7978,5.7991,5.8004,5.8017,5.803,5.8042,5.8054,5.8066,5.8078,5.809,5.8101,5.8112,5.8123,5.8134,5.8144,5.8155,5.8165,5.8175,5.8185,5.8195,5.8205,5.8214,5.8224,5.8233,5.8242,5.8251,5.826,5.8269,5.8277,5.8286,5.8294,5.8302,5.831,5.8318,5.8326,5.8334,5.8342,5.8349,5.8357,5.8364,5.8371,5.8378,5.8386,5.8392,5.8399,5.8406,5.8413,5.842,5.8426,5.8433,5.8439,5.8445,5.8451,5.8458,5.8464,5.847,5.8476
1,1.9583,2.5511,2.9831,3.3113,3.5585,3.7343,3.8399,3.8695,3.8074,3.6191,3.2191,2.2883,3.2767,3.7804,4.1108,4.3513,4.537,4.6858,4.8085,4.9118,5,5.0765,5.1434,5.2026,5.2554,5.3027,5.3454,5.3841,5.4194,5.4518,5.4815,5.509,5.5344,5.558,5.58,5.6005,5.6196,5.6376,5.6545,5.6705,5.6855,5.6997,5.7131,5.7258,5.7379,5.7494,5.7603,5.7707,5.7806,5.7901,5.7991,5.8078,5.8161,5.8241,5.8317,5.8391,5.8461,5.8529,5.8594,5.8657,5.8718,5.8777,5.8833,5.8888,5.894,5.8991,5.9041,5.9089,5.9135,5.918,5.9223,5.9265,5.9306,5.9346,5.9385,5.9422,5.9459,5.9494,5.9528,5.9562,5.9595,5.9627,5.9658,5.9688,5.9717,5.9746,5.9774,5.9801,5.9828,5.9854,5.988,5.9904,5.9929,5.9953,5.9976,5.9998,6.0021,6.0042,6.0064,6.0085,6.0105,6.0125,6.0145,6.0164,6.0183,6.0201,6.0219,6.0237,6.0254,6.0271,6.0288,6.0304,6.032,6.0336,6.0352,6.0367,6.0382,6.0397,6.0411,6.0425,6.0439,6.0453,6.0466,6.048,6.0493,6.0505,6.0518,6.053,6.0543,6.0555,6.0566,6.0578,6.0589,6.0601,6.0612,6.0623,6.0633,6.0644,6.0654,6.0665,6.0675,6.0685,6.0695,6.0704,6.0714,6.0723,6.0733,6.0742,6.0751,6.076,6.0768,6.0777,6.0786,6.0794,6.0802,6.0811,6.0819,6.0827,6.0835,6.0842,6.085,6.0858,6.0865,6.0873,6.088,6.0887,6.0894,6.0901,6.0908,6.0915,6.0922
1,1.9615,2.5604,3.0012,3.3414,3.6049,3.8025,3.9377,4.0089,4.008,3.9181,3.7034,3.2767,2.3143,3.3296,3.8514,4.1958,4.4478,4.6433,4.8006,4.9308,5.0406,5.1348,5.2166,5.2884,5.352,5.4088,5.4598,5.5059,5.5479,5.5862,5.6213,5.6536,5.6834,5.7111,5.7368,5.7608,5.7832,5.8041,5.8238,5.8423,5.8597,5.8762,5.8917,5.9065,5.9204,5.9337,5.9463,5.9583,5.9698,5.9807,5.9912,6.0012,6.0107,6.0199,6.0287,6.0371,6.0452,6.053,6.0605,6.0677,6.0747,6.0814,6.0879,6.0941,6.1002,6.106,6.1116,6.1171,6.1224,6.1275,6.1325,6.1373,6.142,6.1465,6.151,6.1552,6.1594,6.1634,6.1674,6.1712,6.1749,6.1786,6.1821,6.1856,6.1889,6.1922,6.1954,6.1985,6.2016,6.2045,6.2074,6.2103,6.213,6.2157,6.2184,6.221,6.2235,6.226,6.2284,6.2308,6.2331,6.2354,6.2376,6.2398,6.2419,6.244,6.2461,6.2481,6.25,6.252,6.2539,6.2557,6.2576,6.2594,6.2611,6.2629,6.2646,6.2662,6.2679,6.2695,6.2711,6.2726,6.2741,6.2757,6.2771,6.2786,6.28,6.2814,6.2828,6.2842,6.2855,6.2868,6.2881,6.2894,6.2907,6.2919,6.2931,6.2943,6.2955,6.2967,6.2978,6.299,6.3001,6.3012,6.3022,6.3033,6.3044,6.3054,6.3064,6.3074,6.3084,6.3094,6.3104,6.3113,6.3123,6.3132,6.3141,6.315,6.3159,6.3168,6.3177,6.3186,6.3194,6.3202,6.3211,6.3219,6.3227,6.3235,6.3243,6.3251,6.3258
1,1.9643,2.5682,3.0164,3.3667,3.6434,3.8583,4.0164,4.1182,4.1601,4.133,4.0187,3.7804,3.3296,2.3383,3.3786,3.9171,4.2746,4.5375,4.7421,4.9076,5.0448,5.161,5.2608,5.3477,5.4242,5.4921,5.5528,5.6074,5.6569,5.7019,5.7431,5.7809,5.8157,5.8479,5.8778,5.9056,5.9315,5.9558,5.9785,5.9998,6.0199,6.0389,6.0568,6.0737,6.0897,6.1049,6.1194,6.1332,6.1463,6.1588,6.1707,6.1821,6.193,6.2035,6.2135,6.2231,6.2323,6.2412,6.2497,6.258,6.2659,6.2735,6.2809,6.288,6.2948,6.3015,6.3079,6.3141,6.3201,6.3259,6.3315,6.337,6.3423,6.3474,6.3524,6.3573,6.362,6.3666,6.371,6.3754,6.3796,6.3837,6.3877,6.3916,6.3954,6.3991,6.4027,6.4062,6.4097,6.413,6.4163,6.4195,6.4226,6.4257,6.4287,6.4316,6.4344,6.4372,6.44,6.4426,6.4453,6.4478,6.4503,6.4528,6.4552,6.4576,6.4599,6.4621,6.4644,6.4666,6.4687,6.4708,6.4729,6.4749,6.4769,6.4788,6.4807,6.4826,6.4845,6.4863,6.4881,6.4898,6.4915,6.4932,6.4949,6.4965,6.4981,6.4997,6.5013,6.5028,6.5043,6.5058,6.5073,6.5087,6.5101,6.5115,6.5129,6.5142,6.5156,6.5169,6.5182,6.5194,6.5207,6.5219,6.5231,6.5243,6.5255,6.5267,6.5278,6.529,6.5301,6.5312,6.5323,6.5334,6.5344,6.5355,6.5365,6.5375,6.5385,6.5395,6.5405,6.5415,6.5424,6.5434,6.5443,6.5452,6.5461,6.547,6.5479,6.5488,6.5496
1,1.9667,2.575,3.0295,3.3882,3.6759,3.9048,4.0811,4.2067,4.2803,4.2971,4.2468,4.1108,3.8514,3.3786,2.3607,3.4242,3.9783,4.348,4.6211,4.8345,5.0076,5.1516,5.2738,5.379,5.4709,5.5519,5.6239,5.6883,5.7465,5.7992,5.8473,5.8912,5.9317,5.969,6.0035,6.0356,6.0654,6.0933,6.1194,6.1439,6.1669,6.1885,6.209,6.2283,6.2466,6.2639,6.2803,6.296,6.3109,6.3251,6.3386,6.3516,6.3639,6.3758,6.3871,6.398,6.4084,6.4185,6.4281,6.4374,6.4463,6.455,6.4633,6.4713,6.479,6.4865,6.4937,6.5007,6.5075,6.514,6.5203,6.5265,6.5325,6.5382,6.5439,6.5493,6.5546,6.5598,6.5648,6.5696,6.5744,6.579,6.5835,6.5878,6.5921,6.5963,6.6003,6.6043,6.6081,6.6119,6.6156,6.6191,6.6226,6.6261,6.6294,6.6327,6.6359,6.639,6.6421,6.6451,6.648,6.6509,6.6537,6.6564,6.6591,6.6618,6.6644,6.6669,6.6694,6.6718,6.6742,6.6766,6.6789,6.6811,6.6834,6.6855,6.6877,6.6898,6.6918,6.6939,6.6959,6.6978,6.6997,6.7016,6.7035,6.7053,6.7071,6.7089,6.7106,6.7123,6.714,6.7157,6.7173,6.7189,6.7205,6.722,6.7236,6.7251,6.7266,6.728,6.7295,6.7309,6.7323,6.7337,6.735,6.7364,6.7377,6.739,6.7403,6.7415,6.7428,6.744,6.7452,6.7464,6.7476,6.7488,6.7499,6.7511,6.7522,6.7533,6.7544,6.7555,6.7565,6.7576,6.7586,6.7596,6.7607,6.7617,6.7626,6.7636,6.7646
1,1.9688,2.5809,3.0409,3.4067,3.7036,3.9443,4.1354,4.2799,4.3781,4.4274,4.4221,4.3513,4.1958,3.9171,3.4242,2.3816,3.4669,4.0355,4.4168,4.6995,4.9212,5.1015,5.2519,5.3799,5.4904,5.587,5.6723,5.7483,5.8165,5.878,5.9339,5.9849,6.0316,6.0746,6.1144,6.1512,6.1854,6.2173,6.2471,6.275,6.3011,6.3258,6.349,6.3709,6.3916,6.4113,6.4299,6.4476,6.4644,6.4804,6.4957,6.5103,6.5242,6.5375,6.5503,6.5626,6.5743,6.5856,6.5964,6.6068,6.6169,6.6265,6.6358,6.6448,6.6535,6.6619,6.6699,6.6778,6.6853,6.6927,6.6997,6.7066,6.7133,6.7198,6.726,6.7321,6.738,6.7438,6.7494,6.7548,6.7601,6.7652,6.7702,6.7751,6.7799,6.7845,6.789,6.7934,6.7977,6.8019,6.806,6.81,6.8139,6.8177,6.8214,6.8251,6.8286,6.8321,6.8355,6.8388,6.8421,6.8453,6.8484,6.8515,6.8545,6.8574,6.8603,6.8631,6.8659,6.8686,6.8713,6.8739,6.8764,6.8789,6.8814,6.8838,6.8862,6.8885,6.8908,6.8931,6.8953,6.8975,6.8996,6.9017,6.9038,6.9058,6.9078,6.9097,6.9117,6.9136,6.9154,6.9173,6.9191,6.9209,6.9226,6.9243,6.926,6.9277,6.9294,6.931,6.9326,6.9342,6.9357,6.9372,6.9387,6.9402,6.9417,6.9431,6.9446,6.946,6.9473,6.9487,6.9501,6.9514,6.9527,6.954,6.9553,6.9565,6.9578,6.959,6.9602,6.9614,6.9626,6.9637,6.9649,6.966,6.9671,6.9682,6.9693,6.9704,6.9715
1,1.9706,2.5861,3.0508,3.4229,3.7276,3.9782,4.1816,4.3416,4.4594,4.534,4.5619,4.537,4.4478,4.2746,3.9783,3.4669,2.4013,3.5069,4.0893,4.4814,4.7732,5.0028,5.19,5.3466,5.4801,5.5956,5.6968,5.7863,5.8661,5.9379,6.0027,6.0617,6.1155,6.165,6.2105,6.2526,6.2916,6.328,6.3618,6.3935,6.4232,6.4511,6.4773,6.5021,6.5255,6.5476,6.5685,6.5884,6.6073,6.6253,6.6425,6.6589,6.6745,6.6894,6.7037,6.7174,6.7305,6.7431,6.7552,6.7669,6.7781,6.7888,6.7992,6.8092,6.8189,6.8282,6.8372,6.8459,6.8544,6.8625,6.8704,6.878,6.8855,6.8926,6.8996,6.9064,6.9129,6.9193,6.9255,6.9315,6.9374,6.9431,6.9487,6.9541,6.9593,6.9645,6.9695,6.9744,6.9791,6.9838,6.9883,6.9927,6.997,7.0013,7.0054,7.0094,7.0133,7.0172,7.021,7.0246,7.0283,7.0318,7.0352,7.0386,7.0419,7.0452,7.0484,7.0515,7.0545,7.0575,7.0605,7.0634,7.0662,7.069,7.0717,7.0744,7.077,7.0796,7.0821,7.0846,7.087,7.0894,7.0918,7.0941,7.0964,7.0986,7.1008,7.103,7.1051,7.1072,7.1093,7.1113,7.1133,7.1152,7.1172,7.1191,7.1209,7.1228,7.1246,7.1264,7.1282,7.1299,7.1316,7.1333,7.135,7.1366,7.1382,7.1398,7.1414,7.1429,7.1444,7.1459,7.1474,7.1489,7.1503,7.1517,7.1531,7.1545,7.1559,7.1573,7.1586,7.1599,7.1612,7.1625,7.1637,7.165,7.1662,7.1674,7.1686,7.1698,7.171
1,1.9722,2.5907,3.0595,3.437,3.7486,4.0076,4.2215,4.3944,4.5282,4.6229,4.6768,4.6858,4.6433,4.5375,4.348,4.0355,3.5069,2.4198,3.5446,4.14,4.5424,4.8429,5.0799,5.2737,5.4362,5.575,5.6953,5.8009,5.8944,5.978,6.0532,6.1213,6.1832,6.2399,6.292,6.34,6.3844,6.4256,6.464,6.4998,6.5333,6.5648,6.5943,6.6222,6.6484,6.6733,6.6968,6.7191,6.7402,6.7604,6.7795,6.7978,6.8152,6.8319,6.8478,6.863,6.8777,6.8917,6.9051,6.9181,6.9305,6.9425,6.954,6.9651,6.9758,6.9862,6.9961,7.0058,7.0151,7.0241,7.0329,7.0413,7.0495,7.0575,7.0652,7.0726,7.0799,7.087,7.0938,7.1005,7.1069,7.1132,7.1194,7.1253,7.1311,7.1368,7.1423,7.1477,7.1529,7.1581,7.163,7.1679,7.1727,7.1773,7.1819,7.1863,7.1906,7.1949,7.199,7.2031,7.2071,7.2109,7.2147,7.2185,7.2221,7.2257,7.2292,7.2326,7.236,7.2393,7.2425,7.2457,7.2488,7.2518,7.2548,7.2577,7.2606,7.2635,7.2662,7.269,7.2716,7.2743,7.2769,7.2794,7.2819,7.2844,7.2868,7.2892,7.2915,7.2938,7.2961,7.2983,7.3005,7.3026,7.3048,7.3068,7.3089,7.3109,7.3129,7.3149,7.3168,7.3187,7.3206,7.3224,7.3243,7.326,7.3278,7.3296,7.3313,7.333,7.3346,7.3363,7.3379,7.3395,7.3411,7.3427,7.3442,7.3457,7.3472,7.3487,7.3502,7.3516,7.353,7.3544,7.3558,7.3572,7.3585,7.3599,7.3612,7.3625,7.3638
1,1.9737,2.5948,3.0673,3.4496,3.7671,4.0334,4.2563,4.4401,4.5873,4.6985,4.7731,4.8085,4.8006,4.7421,4.6211,4.4168,4.0893,3.5446,2.4373,3.5802,4.1879,4.6001,4.9088,5.1529,5.353,5.5212,5.6651,5.79,5.8999,5.9973,6.0845,6.1631,6.2343,6.2991,6.3585,6.4131,6.4636,6.5102,6.5536,6.594,6.6318,6.6671,6.7003,6.7315,6.7609,6.7887,6.8149,6.8398,6.8634,6.8858,6.9071,6.9275,6.9468,6.9653,6.983,6.9999,7.0161,7.0317,7.0466,7.0609,7.0746,7.0879,7.1006,7.1129,7.1247,7.1361,7.1471,7.1578,7.1681,7.178,7.1876,7.197,7.206,7.2147,7.2232,7.2314,7.2394,7.2472,7.2547,7.262,7.2691,7.2761,7.2828,7.2894,7.2957,7.3019,7.308,7.3139,7.3197,7.3253,7.3308,7.3361,7.3413,7.3464,7.3514,7.3563,7.361,7.3657,7.3702,7.3747,7.379,7.3833,7.3874,7.3915,7.3955,7.3994,7.4032,7.407,7.4107,7.4143,7.4178,7.4213,7.4247,7.428,7.4313,7.4345,7.4376,7.4407,7.4438,7.4468,7.4497,7.4526,7.4554,7.4582,7.4609,7.4636,7.4662,7.4688,7.4714,7.4739,7.4764,7.4788,7.4812,7.4835,7.4859,7.4881,7.4904,7.4926,7.4948,7.4969,7.499,7.5011,7.5031,7.5052,7.5072,7.5091,7.511,7.5129,7.5148,7.5167,7.5185,7.5203,7.5221,7.5238,7.5255,7.5272,7.5289,7.5306,7.5322,7.5338,7.5354,7.537,7.5385,7.5401,7.5416,7.5431,7.5445,7.546,7.5474,7.5488,7.5502
1,1.975,2.5985,3.0743,3.4608,3.7836,4.0563,4.2869,4.4801,4.6386,4.7636,4.8551,4.9118,4.9308,4.9076,4.8345,4.6995,4.4814,4.14,3.5802,2.4539,3.614,4.2334,4.6548,4.9713,5.2223,5.4285,5.602,5.7508,5.8803,5.9942,6.0954,6.1861,6.2679,6.3422,6.4099,6.4719,6.529,6.5818,6.6307,6.6762,6.7186,6.7582,6.7954,6.8302,6.8631,6.894,6.9233,6.9509,6.9772,7.0021,7.0257,7.0482,7.0697,7.0902,7.1097,7.1284,7.1463,7.1635,7.1799,7.1957,7.2108,7.2254,7.2394,7.253,7.266,7.2785,7.2906,7.3023,7.3136,7.3246,7.3351,7.3453,7.3552,7.3648,7.3741,7.3832,7.3919,7.4004,7.4087,7.4167,7.4245,7.432,7.4394,7.4466,7.4536,7.4604,7.467,7.4734,7.4797,7.4859,7.4919,7.4977,7.5034,7.509,7.5144,7.5197,7.5249,7.53,7.5349,7.5398,7.5445,7.5492,7.5537,7.5582,7.5625,7.5668,7.571,7.575,7.5791,7.583,7.5868,7.5906,7.5943,7.598,7.6015,7.605,7.6085,7.6118,7.6151,7.6184,7.6216,7.6247,7.6278,7.6308,7.6338,7.6367,7.6396,7.6424,7.6452,7.6479,7.6506,7.6533,7.6559,7.6584,7.6609,7.6634,7.6659,7.6683,7.6706,7.673,7.6753,7.6775,7.6797,7.6819,7.6841,7.6862,7.6883,7.6904,7.6924,7.6944,7.6964,7.6984,7.7003,7.7022,7.7041,7.7059,7.7078,7.7096,7.7113,7.7131,7.7148,7.7165,7.7182,7.7199,7.7215,7.7231,7.7247,7.7263,7.7279,7.7294,7.7309
1,1.9762,2.6018,3.0806,3.4708,3.7983,4.0766,4.314,4.5154,4.6836,4.8203,4.926,5,5.0406,5.0448,5.0076,4.9212,4.7732,4.5424,4.1879,3.614,2.4696,3.6462,4.2766,4.7069,5.0309,5.2884,5.5003,5.679,5.8326,5.9663,6.0842,6.1891,6.2832,6.3682,6.4454,6.5159,6.5805,6.6401,6.6951,6.7462,6.7937,6.8381,6.8796,6.9185,6.955,6.9895,7.022,7.0527,7.0817,7.1093,7.1354,7.1603,7.184,7.2066,7.2282,7.2488,7.2685,7.2874,7.3054,7.3228,7.3395,7.3555,7.3709,7.3857,7.3999,7.4137,7.427,7.4398,7.4522,7.4641,7.4757,7.4869,7.4977,7.5082,7.5183,7.5282,7.5377,7.547,7.556,7.5648,7.5733,7.5815,7.5896,7.5974,7.605,7.6124,7.6196,7.6267,7.6335,7.6402,7.6467,7.6531,7.6593,7.6654,7.6713,7.677,7.6827,7.6882,7.6936,7.6989,7.704,7.7091,7.714,7.7189,7.7236,7.7282,7.7328,7.7372,7.7416,7.7458,7.75,7.7541,7.7581,7.7621,7.7659,7.7697,7.7735,7.7771,7.7807,7.7842,7.7877,7.7911,7.7945,7.7977,7.801,7.8041,7.8073,7.8103,7.8133,7.8163,7.8192,7.8221,7.8249,7.8277,7.8304,7.8331,7.8357,7.8383,7.8409,7.8434,7.8459,7.8484,7.8508,7.8531,7.8555,7.8578,7.8601,7.8623,7.8645,7.8667,7.8688,7.8709,7.873,7.8751,7.8771,7.8791,7.8811,7.883,7.885,7.8869,7.8887,7.8906,7.8924,7.8942,7.896,7.8977,7.8995,7.9012,7.9029,7.9045,7.9062
1,1.9773,2.6048,3.0862,3.4799,3.8115,4.0949,4.3383,4.5467,4.7234,4.8702,4.9879,5.0765,5.1348,5.161,5.1516,5.1015,5.0028,4.8429,4.6001,4.2334,3.6462,2.4847,3.6768,4.3178,4.7565,5.0877,5.3514,5.5689,5.7526,5.9107,6.0487,6.1704,6.2789,6.3762,6.4643,6.5443,6.6175,6.6847,6.7466,6.8039,6.8571,6.9067,6.953,6.9963,7.0369,7.0751,7.1111,7.1451,7.1772,7.2077,7.2365,7.264,7.2901,7.3149,7.3386,7.3613,7.3829,7.4036,7.4235,7.4425,7.4607,7.4783,7.4951,7.5113,7.5269,7.542,7.5565,7.5705,7.584,7.597,7.6096,7.6218,7.6336,7.645,7.6561,7.6668,7.6772,7.6873,7.6971,7.7067,7.7159,7.7249,7.7336,7.7421,7.7504,7.7585,7.7663,7.7739,7.7814,7.7886,7.7957,7.8026,7.8093,7.8159,7.8223,7.8286,7.8347,7.8407,7.8465,7.8523,7.8578,7.8633,7.8687,7.8739,7.879,7.884,7.889,7.8938,7.8985,7.9031,7.9076,7.9121,7.9164,7.9207,7.9249,7.929,7.933,7.937,7.9409,7.9447,7.9484,7.9521,7.9557,7.9593,7.9628,7.9662,7.9696,7.9729,7.9761,7.9793,7.9825,7.9856,7.9886,7.9916,7.9946,7.9975,8.0003,8.0031,8.0059,8.0086,8.0113,8.0139,8.0166,8.0191,8.0216,8.0241,8.0266,8.029,8.0314,8.0337,8.0361,8.0383,8.0406,8.0428,8.045,8.0472,8.0493,8.0514,8.0535,8.0555,8.0575,8.0595,8.0615,8.0634,8.0653,8.0672,8.0691,8.0709,8.0728,8.0746,8.0763
1,1.9783,2.6075,3.0914,3.4881,3.8234,4.1114,4.3601,4.5748,4.7589,4.9145,5.0426,5.1434,5.2166,5.2608,5.2738,5.2519,5.19,5.0799,4.9088,4.6548,4.2766,3.6768,2.499,3.706,4.3571,4.8039,5.1419,5.4117,5.6345,5.8231,5.9856,6.1275,6.253,6.3649,6.4655,6.5565,6.6393,6.7151,6.7848,6.849,6.9086,6.9639,7.0154,7.0635,7.1086,7.1509,7.1908,7.2283,7.2638,7.2973,7.3291,7.3593,7.388,7.4153,7.4413,7.4661,7.4898,7.5125,7.5342,7.555,7.5749,7.5941,7.6125,7.6301,7.6472,7.6636,7.6794,7.6946,7.7093,7.7235,7.7372,7.7505,7.7633,7.7757,7.7877,7.7994,7.8107,7.8216,7.8323,7.8426,7.8526,7.8624,7.8718,7.8811,7.89,7.8987,7.9072,7.9155,7.9236,7.9314,7.9391,7.9465,7.9538,7.9609,7.9679,7.9746,7.9813,7.9877,7.9941,8.0002,8.0063,8.0122,8.018,8.0236,8.0291,8.0346,8.0399,8.0451,8.0502,8.0551,8.06,8.0648,8.0695,8.0741,8.0786,8.0831,8.0874,8.0917,8.0959,8.1,8.104,8.108,8.1119,8.1157,8.1195,8.1232,8.1268,8.1304,8.1339,8.1373,8.1407,8.144,8.1473,8.1506,8.1537,8.1569,8.1599,8.163,8.1659,8.1689,8.1718,8.1746,8.1774,8.1802,8.1829,8.1856,8.1882,8.1908,8.1934,8.1959,8.1984,8.2009,8.2033,8.2057,8.208,8.2103,8.2126,8.2149,8.2171,8.2193,8.2215,8.2236,8.2257,8.2278,8.2299,8.2319,8.2339,8.2359,8.2379,8.2398,8.2417
1,1.9792,2.6101,3.0961,3.4956,3.8343,4.1263,4.3798,4.6001,4.7908,4.954,5.0911,5.2026,5.2884,5.3477,5.379,5.3799,5.3466,5.2737,5.1529,4.9713,4.7069,4.3178,3.706,2.5128,3.734,4.3947,4.8493,5.1939,5.4694,5.6974,5.8906,6.0573,6.2032,6.3323,6.4475,6.5512,6.6451,6.7307,6.809,6.8811,6.9476,7.0093,7.0666,7.1201,7.1701,7.2169,7.2609,7.3023,7.3414,7.3783,7.4133,7.4464,7.4779,7.5078,7.5363,7.5634,7.5893,7.6141,7.6378,7.6605,7.6822,7.7031,7.7231,7.7424,7.7609,7.7787,7.7959,7.8124,7.8284,7.8438,7.8587,7.873,7.887,7.9004,7.9135,7.9261,7.9383,7.9502,7.9617,7.9729,7.9837,7.9942,8.0045,8.0144,8.0241,8.0336,8.0427,8.0517,8.0604,8.0688,8.0771,8.0852,8.093,8.1007,8.1082,8.1155,8.1226,8.1296,8.1364,8.1431,8.1496,8.1559,8.1622,8.1682,8.1742,8.18,8.1858,8.1913,8.1968,8.2022,8.2075,8.2126,8.2177,8.2226,8.2275,8.2323,8.2369,8.2415,8.246,8.2504,8.2548,8.259,8.2632,8.2673,8.2714,8.2754,8.2793,8.2831,8.2869,8.2906,8.2942,8.2978,8.3013,8.3048,8.3082,8.3116,8.3149,8.3181,8.3213,8.3245,8.3276,8.3306,8.3336,8.3366,8.3395,8.3424,8.3452,8.348,8.3508,8.3535,8.3561,8.3588,8.3614,8.3639,8.3665,8.369,8.3714,8.3738,8.3762,8.3786,8.3809,8.3832,8.3855,8.3877,8.3899,8.3921,8.3943,8.3964,8.3985,8.4005,8.4026
1,1.98,2.6124,3.1004,3.5024,3.8443,4.1399,4.3977,4.623,4.8196,4.9896,5.1346,5.2554,5.352,5.4242,5.4709,5.4904,5.4801,5.4362,5.353,5.2223,5.0309,4.7565,4.3571,3.734,2.526,3.7608,4.4308,4.8929,5.2438,5.5248,5.7578,5.9555,6.1263,6.2759,6.4085,6.5269,6.6336,6.7304,6.8186,6.8995,6.9739,7.0427,7.1064,7.1658,7.2211,7.2729,7.3215,7.3671,7.4101,7.4507,7.489,7.5253,7.5598,7.5925,7.6237,7.6533,7.6816,7.7086,7.7344,7.7591,7.7827,7.8054,7.8272,7.8481,7.8682,7.8875,7.9062,7.9241,7.9414,7.9581,7.9742,7.9898,8.0048,8.0194,8.0335,8.0471,8.0603,8.0732,8.0856,8.0976,8.1093,8.1207,8.1318,8.1425,8.1529,8.1631,8.173,8.1826,8.192,8.2011,8.21,8.2187,8.2271,8.2354,8.2435,8.2513,8.259,8.2665,8.2738,8.281,8.288,8.2948,8.3015,8.308,8.3145,8.3207,8.3269,8.3329,8.3387,8.3445,8.3502,8.3557,8.3611,8.3664,8.3717,8.3768,8.3818,8.3867,8.3915,8.3963,8.4009,8.4055,8.41,8.4144,8.4187,8.423,8.4272,8.4313,8.4353,8.4393,8.4432,8.447,8.4508,8.4545,8.4582,8.4618,8.4653,8.4688,8.4722,8.4756,8.4789,8.4822,8.4854,8.4886,8.4917,8.4948,8.4978,8.5008,8.5038,8.5067,8.5095,8.5123,8.5151,8.5179,8.5206,8.5232,8.5259,8.5285,8.531,8.5335,8.536,8.5385,8.5409,8.5433,8.5457,8.548,8.5503,8.5526,8.5548,8.557,8.5592
1,1.9808,2.6145,3.1044,3.5087,3.8534,4.1523,4.414,4.6439,4.8457,5.0218,5.1738,5.3027,5.4088,5.4921,5.5519,5.587,5.5956,5.575,5.5212,5.4285,5.2884,5.0877,4.8039,4.3947,3.7608,2.5386,3.7865,4.4655,4.9347,5.2917,5.5781,5.8158,6.0179,6.1927,6.3459,6.4818,6.6035,6.7131,6.8126,6.9034,6.9867,7.0634,7.1344,7.2002,7.2615,7.3187,7.3723,7.4225,7.4698,7.5143,7.5563,7.5961,7.6338,7.6695,7.7035,7.7358,7.7666,7.796,7.8241,7.8509,7.8766,7.9013,7.9249,7.9475,7.9693,7.9903,8.0104,8.0298,8.0485,8.0666,8.084,8.1008,8.1171,8.1328,8.148,8.1627,8.1769,8.1908,8.2041,8.2171,8.2297,8.242,8.2539,8.2654,8.2767,8.2876,8.2982,8.3086,8.3186,8.3285,8.338,8.3473,8.3564,8.3653,8.3739,8.3824,8.3906,8.3987,8.4065,8.4142,8.4217,8.429,8.4362,8.4432,8.4501,8.4568,8.4634,8.4698,8.4761,8.4823,8.4884,8.4943,8.5001,8.5058,8.5114,8.5168,8.5222,8.5275,8.5327,8.5377,8.5427,8.5476,8.5524,8.5571,8.5618,8.5663,8.5708,8.5752,8.5795,8.5837,8.5879,8.592,8.5961,8.6,8.6039,8.6078,8.6116,8.6153,8.6189,8.6225,8.6261,8.6296,8.633,8.6364,8.6398,8.643,8.6463,8.6495,8.6526,8.6557,8.6588,8.6618,8.6648,8.6677,8.6706,8.6734,8.6762,8.679,8.6817,8.6844,8.6871,8.6897,8.6923,8.6948,8.6974,8.6998,8.7023,8.7047,8.7071,8.7095,8.7118
1,1.9815,2.6165,3.108,3.5145,3.8617,4.1637,4.429,4.663,4.8695,5.051,5.2093,5.3454,5.4598,5.5528,5.6239,5.6723,5.6968,5.6953,5.6651,5.602,5.5003,5.3514,5.1419,4.8493,4.4308,3.7865,2.5508,3.8113,4.4988,4.9749,5.3377,5.6293,5.8717,6.0779,6.2566,6.4134,6.5526,6.6773,6.7898,6.892,6.9853,7.0709,7.1499,7.223,7.2908,7.354,7.4131,7.4683,7.5203,7.5691,7.6151,7.6586,7.6998,7.7388,7.7758,7.811,7.8446,7.8765,7.907,7.9361,7.964,7.9907,8.0162,8.0408,8.0643,8.087,8.1088,8.1297,8.1499,8.1694,8.1882,8.2063,8.2238,8.2407,8.2571,8.273,8.2883,8.3032,8.3176,8.3315,8.3451,8.3582,8.371,8.3834,8.3955,8.4072,8.4186,8.4297,8.4405,8.451,8.4613,8.4713,8.481,8.4905,8.4998,8.5088,8.5177,8.5263,8.5347,8.5429,8.5509,8.5588,8.5665,8.574,8.5813,8.5885,8.5955,8.6024,8.6092,8.6158,8.6222,8.6286,8.6348,8.6409,8.6468,8.6527,8.6584,8.664,8.6696,8.675,8.6803,8.6855,8.6907,8.6957,8.7006,8.7055,8.7103,8.715,8.7196,8.7241,8.7285,8.7329,8.7372,8.7415,8.7456,8.7497,8.7538,8.7577,8.7616,8.7655,8.7693,8.773,8.7767,8.7803,8.7838,8.7873,8.7908,8.7942,8.7975,8.8008,8.8041,8.8073,8.8105,8.8136,8.8167,8.8197,8.8227,8.8256,8.8285,8.8314,8.8342,8.837,8.8398,8.8425,8.8452,8.8478,8.8504,8.853,8.8556,8.8581,8.8606
1,1.9821,2.6183,3.1114,3.5199,3.8695,4.1742,4.4427,4.6805,4.8913,5.0777,5.2416,5.3841,5.5059,5.6074,5.6883,5.7483,5.7863,5.8009,5.79,5.7508,5.679,5.5689,5.4117,5.1939,4.8929,4.4655,3.8113,2.5625,3.8351,4.5309,5.0136,5.3821,5.6787,5.9256,6.1359,6.3182,6.4785,6.6209,6.7485,6.8638,6.9686,7.0644,7.1524,7.2335,7.3087,7.3785,7.4436,7.5044,7.5614,7.6149,7.6653,7.7129,7.7578,7.8003,7.8406,7.8789,7.9153,7.95,7.9831,8.0147,8.0448,8.0737,8.1014,8.1279,8.1533,8.1778,8.2013,8.2239,8.2457,8.2666,8.2869,8.3064,8.3252,8.3434,8.361,8.3781,8.3945,8.4105,8.426,8.4409,8.4555,8.4696,8.4833,8.4966,8.5095,8.5221,8.5343,8.5462,8.5578,8.569,8.58,8.5907,8.6011,8.6113,8.6212,8.6309,8.6403,8.6495,8.6585,8.6673,8.6759,8.6842,8.6924,8.7005,8.7083,8.716,8.7235,8.7308,8.738,8.7451,8.752,8.7587,8.7653,8.7718,8.7782,8.7844,8.7906,8.7966,8.8024,8.8082,8.8139,8.8194,8.8249,8.8303,8.8355,8.8407,8.8458,8.8508,8.8557,8.8605,8.8653,8.8699,8.8745,8.879,8.8835,8.8878,8.8921,8.8963,8.9005,8.9046,8.9086,8.9126,8.9165,8.9203,8.9241,8.9278,8.9315,8.9351,8.9387,8.9422,8.9456,8.9491,8.9524,8.9557,8.959,8.9622,8.9654,8.9685,8.9716,8.9747,8.9777,8.9807,8.9836,8.9865,8.9893,8.9921,8.9949,8.9976,9.0004,9.003,9.0057
1,1.9828,2.62,3.1146,3.5249,3.8766,4.184,4.4554,4.6966,4.9113,5.1022,5.2712,5.4194,5.5479,5.6569,5.7465,5.8165,5.8661,5.8944,5.8999,5.8803,5.8326,5.7526,5.6345,5.4694,5.2438,4.9347,4.4988,3.8351,2.5739,3.8581,4.5619,5.051,5.425,5.7264,5.9776,6.1918,6.3778,6.5414,6.6869,6.8174,6.9354,7.0427,7.1409,7.2312,7.3145,7.3917,7.4634,7.5303,7.5929,7.6516,7.7067,7.7586,7.8076,7.8539,7.8978,7.9394,7.979,8.0166,8.0524,8.0866,8.1192,8.1505,8.1803,8.209,8.2364,8.2628,8.2881,8.3124,8.3359,8.3584,8.3802,8.4011,8.4214,8.4409,8.4598,8.4781,8.4958,8.5129,8.5295,8.5455,8.5611,8.5762,8.5909,8.6051,8.6189,8.6324,8.6455,8.6582,8.6705,8.6826,8.6943,8.7057,8.7169,8.7277,8.7383,8.7486,8.7587,8.7685,8.7781,8.7875,8.7966,8.8055,8.8143,8.8228,8.8312,8.8394,8.8474,8.8552,8.8629,8.8704,8.8777,8.8849,8.892,8.8989,8.9056,8.9123,8.9188,8.9252,8.9314,8.9376,8.9436,8.9495,8.9553,8.961,8.9666,8.9722,8.9776,8.9829,8.9881,8.9932,8.9982,9.0032,9.0081,9.0129,9.0176,9.0222,9.0268,9.0313,9.0357,9.04,9.0443,9.0485,9.0526,9.0567,9.0607,9.0647,9.0686,9.0724,9.0762,9.0799,9.0836,9.0872,9.0908,9.0943,9.0978,9.1012,9.1046,9.1079,9.1112,9.1144,9.1176,9.1208,9.1239,9.1269,9.1299,9.1329,9.1359,9.1388,9.1417,9.1445,9.1473
1,1.9833,2.6216,3.1175,3.5295,3.8833,4.193,4.4672,4.7115,4.9298,5.1247,5.2983,5.4518,5.5862,5.7019,5.7992,5.878,5.9379,5.978,5.9973,5.9942,5.9663,5.9107,5.8231,5.6974,5.5248,5.2917,4.9749,4.5309,3.8581,2.5848,3.8803,4.5918,5.087,5.4664,5.7724,6.0278,6.2459,6.4353,6.6022,6.7507,6.8841,7.0047,7.1145,7.2151,7.3075,7.3929,7.4721,7.5457,7.6144,7.6787,7.739,7.7957,7.8492,7.8996,7.9473,7.9925,8.0354,8.0762,8.115,8.1519,8.1872,8.2209,8.2531,8.284,8.3136,8.342,8.3692,8.3954,8.4206,8.4448,8.4682,8.4907,8.5124,8.5334,8.5536,8.5732,8.5921,8.6105,8.6282,8.6454,8.662,8.6782,8.6939,8.7091,8.7239,8.7382,8.7522,8.7658,8.779,8.7918,8.8043,8.8165,8.8284,8.8399,8.8512,8.8622,8.8729,8.8834,8.8936,8.9036,8.9133,8.9229,8.9322,8.9413,8.9501,8.9588,8.9673,8.9757,8.9838,8.9918,8.9996,9.0073,9.0148,9.0221,9.0293,9.0364,9.0433,9.0501,9.0567,9.0632,9.0696,9.0759,9.0821,9.0882,9.0941,9.0999,9.1057,9.1113,9.1168,9.1223,9.1276,9.1329,9.1381,9.1431,9.1481,9.1531,9.1579,9.1626,9.1673,9.1719,9.1765,9.1809,9.1853,9.1896,9.1939,9.1981,9.2022,9.2063,9.2103,9.2143,9.2181,9.222,9.2258,9.2295,9.2332,9.2368,9.2403,9.2439,9.2473,9.2508,9.2541,9.2575,9.2608,9.264,9.2672,9.2704,9.2735,9.2766,9.2796,9.2826,9.2856
1,1.9839,2.623,3.1203,3.5338,3.8895,4.2014,4.4781,4.7253,4.9469,5.1455,5.3233,5.4815,5.6213,5.7431,5.8473,5.9339,6.0027,6.0532,6.0845,6.0954,6.0842,6.0487,5.9856,5.8906,5.7578,5.5781,5.3377,5.0136,4.5619,3.8803,2.5953,3.9018,4.6207,5.1219,5.5064,5.817,6.0764,6.2982,6.4911,6.6611,6.8125,6.9486,7.0718,7.1841,7.2869,7.3815,7.469,7.5501,7.6256,7.6961,7.762,7.824,7.8822,7.9371,7.989,8.038,8.0845,8.1287,8.1706,8.2106,8.2487,8.2851,8.3198,8.3531,8.3849,8.4154,8.4447,8.4728,8.4999,8.5259,8.5509,8.5751,8.5983,8.6208,8.6425,8.6634,8.6837,8.7033,8.7222,8.7406,8.7584,8.7757,8.7924,8.8086,8.8244,8.8397,8.8546,8.8691,8.8831,8.8968,8.9101,8.9231,8.9358,8.9481,8.9601,8.9718,8.9832,8.9943,9.0052,9.0158,9.0262,9.0363,9.0462,9.0558,9.0653,9.0745,9.0836,9.0924,9.101,9.1095,9.1178,9.1259,9.1339,9.1417,9.1493,9.1568,9.1641,9.1713,9.1784,9.1853,9.1921,9.1988,9.2053,9.2117,9.218,9.2242,9.2303,9.2363,9.2421,9.2479,9.2536,9.2591,9.2646,9.27,9.2753,9.2805,9.2856,9.2906,9.2956,9.3005,9.3053,9.31,9.3146,9.3192,9.3237,9.3282,9.3325,9.3368,9.3411,9.3452,9.3494,9.3534,9.3574,9.3614,9.3652,9.3691,9.3729,9.3766,9.3802,9.3839,9.3874,9.391,9.3944,9.3979,9.4013,9.4046,9.4079,9.4111,9.4144,9.4175,9.4206
1,1.9844,2.6244,3.1228,3.5378,3.8952,4.2092,4.4882,4.7381,4.9627,5.1648,5.3464,5.509,5.6536,5.7809,5.8912,5.9849,6.0617,6.1213,6.1631,6.1861,6.1891,6.1704,6.1275,6.0573,5.9555,5.8158,5.6293,5.3821,5.051,4.5918,3.9018,2.6056,3.9226,4.6486,5.1557,5.5451,5.8601,6.1235,6.3488,6.545,6.7181,6.8724,7.0112,7.1369,7.2515,7.3566,7.4533,7.5428,7.6258,7.7031,7.7753,7.843,7.9065,7.9662,8.0226,8.0758,8.1262,8.174,8.2194,8.2626,8.3037,8.3429,8.3803,8.4161,8.4503,8.4831,8.5146,8.5448,8.5738,8.6017,8.6285,8.6544,8.6793,8.7033,8.7265,8.7489,8.7705,8.7914,8.8117,8.8313,8.8503,8.8687,8.8865,8.9038,8.9206,8.9369,8.9528,8.9682,8.9832,8.9977,9.0119,9.0257,9.0391,9.0522,9.065,9.0774,9.0895,9.1014,9.1129,9.1242,9.1352,9.1459,9.1564,9.1667,9.1767,9.1865,9.1961,9.2055,9.2146,9.2236,9.2324,9.241,9.2494,9.2577,9.2658,9.2737,9.2815,9.2891,9.2966,9.3039,9.3111,9.3182,9.3251,9.3319,9.3386,9.3451,9.3515,9.3579,9.3641,9.3702,9.3761,9.382,9.3878,9.3935,9.3991,9.4046,9.41,9.4154,9.4206,9.4257,9.4308,9.4358,9.4407,9.4456,9.4503,9.455,9.4596,9.4642,9.4687,9.4731,9.4774,9.4817,9.4859,9.4901,9.4942,9.4982,9.5022,9.5062,9.51,9.5138,9.5176,9.5213,9.525,9.5286,9.5322,9.5357,9.5392,9.5426,9.546,9.5494,9.5527
1,1.9848,2.6257,3.1252,3.5416,3.9006,4.2165,4.4977,4.7501,4.9775,5.1827,5.3679,5.5344,5.6834,5.8157,5.9317,6.0316,6.1155,6.1832,6.2343,6.2679,6.2832,6.2789,6.253,6.2032,6.1263,6.0179,5.8717,5.6787,5.425,5.087,4.6207,3.9226,2.6155,3.9427,4.6757,5.1884,5.5826,5.9019,6.1691,6.398,6.5974,6.7735,6.9305,7.0719,7.2001,7.317,7.4243,7.5231,7.6145,7.6994,7.7785,7.8524,7.9217,7.9867,8.048,8.1057,8.1604,8.2121,8.2611,8.3077,8.3521,8.3943,8.4346,8.4731,8.5099,8.5451,8.5789,8.6112,8.6423,8.6722,8.7009,8.7286,8.7552,8.7809,8.8057,8.8296,8.8527,8.875,8.8966,8.9175,8.9377,8.9573,8.9763,8.9948,9.0126,9.03,9.0469,9.0632,9.0792,9.0946,9.1097,9.1244,9.1386,9.1525,9.1661,9.1793,9.1921,9.2047,9.2169,9.2289,9.2405,9.2519,9.263,9.2739,9.2845,9.2949,9.3051,9.315,9.3247,9.3342,9.3435,9.3526,9.3616,9.3703,9.3789,9.3872,9.3955,9.4035,9.4114,9.4192,9.4268,9.4342,9.4416,9.4487,9.4558,9.4627,9.4695,9.4762,9.4827,9.4892,9.4955,9.5017,9.5079,9.5139,9.5198,9.5256,9.5313,9.5369,9.5424,9.5479,9.5532,9.5585,9.5637,9.5688,9.5738,9.5788,9.5836,9.5884,9.5932,9.5978,9.6024,9.6069,9.6114,9.6158,9.6201,9.6244,9.6286,9.6327,9.6368,9.6408,9.6448,9.6487,9.6526,9.6564,9.6602,9.6639,9.6675,9.6712,9.6747,9.6783,9.6817
