3.1416,1.5708,1.1781,0.98175,0.85903,0.77313,0.7087,0.65808,0.61695,0.58267,0.55354,0.52838,0.50636,0.48689,0.4695,0.45385,0.43967,0.42673,0.41488,0.40396,0.39386,0.38449,0.37575,0.36758,0.35992,0.35272,0.34594,0.33953,0.33347,0.32772,0.32226,0.31706,0.31211,0.30738,0.30286,0.29853,0.29439,0.29041,0.28659,0.28291,0.27938,0.27597,0.27268,0.26951,0.26645,0.26349,0.26062,0.25785,0.25517,0.25256,0.25004,0.24759,0.2452,0.24289,0.24064,0.23846,0.23633,0.23425,0.23223,0.23027,0.22835,0.22647,0.22465,0.22287,0.22112,0.21942,0.21776,0.21614,0.21455,0.21299,0.21147,0.20998,0.20852,0.2071,0.2057,0.20432,0.20298,0.20166,0.20037,0.1991,0.19786,0.19664,0.19544,0.19426,0.1931,0.19197,0.19085,0.18975,0.18868,0.18762,0.18657,0.18555,0.18454,0.18355,0.18257,0.18161,0.18066,0.17973,0.17882,0.17791,0.17702
1.5708,2.3562,1.3744,1.0799,0.92039,0.81608,0.74091,0.68339,0.63751,0.59981,0.56811,0.54096,0.51737,0.49662,0.47819,0.46167,0.44676,0.4332,0.42081,0.40942,0.39891,0.38917,0.38012,0.37166,0.36375,0.35632,0.34933,0.34274,0.3365,0.3306,0.32499,0.31966,0.31458,0.30974,0.30512,0.30069,0.29646,0.2924,0.2885,0.28475,0.28114,0.27767,0.27433,0.2711,0.26798,0.26497,0.26206,0.25924,0.25651,0.25386,0.2513,0.24881,0.2464,0.24405,0.24177,0.23955,0.23739,0.23529,0.23324,0.23125,0.22931,0.22741,0.22556,0.22376,0.22199,0.22027,0.21859,0.21695,0.21534,0.21377,0.21223,0.21073,0.20925,0.20781,0.2064,0.20501,0.20365,0.20232,0.20102,0.19974,0.19848,0.19725,0.19604,0.19485,0.19368,0.19254,0.19141,0.1903,0.18922,0.18815,0.18709,0.18606,0.18504,0.18404,0.18306,0.18209,0.18114,0.1802,0.17928,0.17837,0.17747
1.1781,1.3744,2.0126,1.2517,1.0094,0.87284,0.78118,0.71388,0.66164,0.61952,0.5846,0.55503,0.52956,0.50732,0.48767,0.47015,0.4544,0.44013,0.42714,0.41523,0.40427,0.39413,0.38473,0.37596,0.36777,0.36009,0.35288,0.34608,0.33966,0.33359,0.32783,0.32236,0.31715,0.31219,0.30746,0.30293,0.2986,0.29445,0.29047,0.28664,0.28296,0.27942,0.27601,0.27273,0.26955,0.26649,0.26353,0.26066,0.25788,0.2552,0.25259,0.25006,0.24761,0.24523,0.24292,0.24067,0.23848,0.23635,0.23427,0.23225,0.23028,0.22836,0.22649,0.22466,0.22288,0.22114,0.21944,0.21778,0.21615,0.21456,0.213,0.21148,0.20999,0.20853,0.20711,0.20571,0.20433,0.20299,0.20167,0.20038,0.19911,0.19787,0.19664,0.19544,0.19427,0.19311,0.19197,0.19086,0.18976,0.18868,0.18762,0.18658,0.18555,0.18455,0.18355,0.18258,0.18162,0.18067,0.17974,0.17882,0.17792
0.98175,1.0799,1.2517,1.804,1.1643,0.9549,0.83429,0.75194,0.69067,0.64262,0.60356,0.57095,0.54318,0.51915,0.49807,0.47939,0.46268,0.44761,0.43393,0.42144,0.40997,0.39939,0.3896,0.38049,0.372,0.36405,0.3566,0.34958,0.34296,0.33671,0.33078,0.32516,0.31982,0.31473,0.30988,0.30524,0.30081,0.29657,0.2925,0.28859,0.28484,0.28123,0.27775,0.2744,0.27117,0.26805,0.26503,0.26212,0.25929,0.25656,0.25391,0.25135,0.24886,0.24644,0.24409,0.24181,0.23959,0.23743,0.23532,0.23328,0.23128,0.22934,0.22744,0.22559,0.22378,0.22202,0.2203,0.21862,0.21697,0.21536,0.21379,0.21225,0.21075,0.20927,0.20783,0.20641,0.20503,0.20367,0.20234,0.20103,0.19975,0.19849,0.19726,0.19605,0.19486,0.19369,0.19255,0.19142,0.19031,0.18923,0.18816,0.18711,0.18607,0.18505,0.18405,0.18307,0.1821,0.18115,0.18021,0.17928,0.17837
0.85903,0.92039,1.0094,1.1643,1.6584,1.0973,0.91092,0.80207,0.72687,0.6704,0.62577,0.58925,0.5586,0.53237,0.50958,0.48952,0.47169,0.4557,0.44124,0.42809,0.41606,0.40499,0.39477,0.38529,0.37646,0.36822,0.3605,0.35324,0.34641,0.33996,0.33386,0.32808,0.32259,0.31737,0.31239,0.30764,0.3031,0.29876,0.2946,0.2906,0.28677,0.28308,0.27954,0.27612,0.27283,0.26965,0.26658,0.26361,0.26074,0.25796,0.25527,0.25266,0.25013,0.24767,0.24529,0.24297,0.24072,0.23853,0.2364,0.23432,0.2323,0.23033,0.22841,0.22653,0.2247,0.22292,0.22117,0.21947,0.21781,0.21618,0.21459,0.21303,0.21151,0.21002,0.20856,0.20713,0.20573,0.20436,0.20301,0.20169,0.2004,0.19913,0.19789,0.19666,0.19546,0.19429,0.19313,0.19199,0.19088,0.18978,0.1887,0.18764,0.1866,0.18557,0.18456,0.18357,0.18259,0.18163,0.18068,0.17975,0.17883
0.77313,0.81608,0.87284,0.9549,1.0973,1.5487,1.0435,0.87426,0.7745,0.70501,0.65246,0.61067,0.5763,0.54733,0.52244,0.50074,0.48158,0.46451,0.44916,0.43526,0.42258,0.41097,0.40027,0.39037,0.38118,0.37261,0.3646,0.35709,0.35003,0.34337,0.33708,0.33112,0.32547,0.32011,0.315,0.31012,0.30547,0.30102,0.29676,0.29268,0.28876,0.285,0.28138,0.27789,0.27453,0.27129,0.26816,0.26514,0.26222,0.25939,0.25666,0.254,0.25143,0.24894,0.24652,0.24416,0.24188,0.23965,0.23749,0.23539,0.23334,0.23134,0.22939,0.22749,0.22564,0.22383,0.22207,0.22034,0.21866,0.21701,0.2154,0.21383,0.21229,0.21078,0.20931,0.20786,0.20645,0.20506,0.2037,0.20237,0.20106,0.19978,0.19852,0.19729,0.19607,0.19489,0.19372,0.19257,0.19144,0.19034,0.18925,0.18818,0.18713,0.18609,0.18507,0.18407,0.18309,0.18212,0.18116,0.18022,0.1793
0.7087,0.74091,0.78118,0.83429,0.91092,1.0435,1.4617,0.9988,0.84297,0.75049,0.68568,0.63639,0.59701,0.56449,0.53697,0.51326,0.49252,0.47418,0.45778,0.44301,0.42961,0.41737,0.40614,0.39578,0.38618,0.37726,0.36893,0.36114,0.35382,0.34694,0.34044,0.3343,0.32848,0.32296,0.3177,0.3127,0.30793,0.30337,0.29901,0.29483,0.29082,0.28697,0.28327,0.27972,0.27629,0.27298,0.2698,0.26672,0.26374,0.26087,0.25808,0.25538,0.25277,0.25023,0.24777,0.24538,0.24306,0.2408,0.23861,0.23647,0.23439,0.23237,0.23039,0.22847,0.22659,0.22476,0.22298,0.22123,0.21953,0.21786,0.21623,0.21464,0.21308,0.21156,0.21006,0.2086,0.20717,0.20577,0.2044,0.20305,0.20173,0.20043,0.19916,0.19792,0.19669,0.19549,0.19431,0.19316,0.19202,0.1909,0.1898,0.18872,0.18766,0.18662,0.18559,0.18458,0.18359,0.18261,0.18165,0.1807,0.17977
0.65808,0.68339,0.71388,0.75194,0.80207,0.87426,0.9988,1.3904,0.96085,0.81578,0.72929,0.66839,0.62187,0.58457,0.55365,0.52741,0.50474,0.48486,0.46724,0.45146,0.43722,0.42427,0.41243,0.40155,0.3915,0.38218,0.37351,0.3654,0.35781,0.35068,0.34396,0.33762,0.33162,0.32593,0.32052,0.31538,0.31048,0.3058,0.30133,0.29705,0.29295,0.28901,0.28523,0.2816,0.2781,0.27473,0.27147,0.26834,0.26531,0.26237,0.25954,0.2568,0.25414,0.25156,0.24906,0.24663,0.24427,0.24198,0.23975,0.23758,0.23547,0.23342,0.23142,0.22947,0.22757,0.22571,0.2239,0.22213,0.22041,0.21872,0.21707,0.21546,0.21388,0.21234,0.21083,0.20936,0.20791,0.20649,0.2051,0.20374,0.20241,0.2011,0.19982,0.19856,0.19732,0.19611,0.19492,0.19375,0.1926,0.19148,0.19037,0.18928,0.18821,0.18715,0.18612,0.1851,0.1841,0.18311,0.18214,0.18119,0.18025
0.61695,0.63751,0.66164,0.69067,0.72687,0.7745,0.84297,0.96085,1.3303,0.928,0.79183,0.71035,0.65278,0.60865,0.57315,0.54365,0.51854,0.4968,0.47769,0.46072,0.4455,0.43174,0.41921,0.40774,0.39718,0.38742,0.37836,0.36992,0.36202,0.35462,0.34766,0.3411,0.3349,0.32903,0.32346,0.31817,0.31313,0.30832,0.30374,0.29935,0.29515,0.29112,0.28725,0.28354,0.27996,0.27652,0.2732,0.27,0.26691,0.26393,0.26104,0.25824,0.25554,0.25292,0.25037,0.2479,0.24551,0.24318,0.24092,0.23872,0.23658,0.23449,0.23247,0.23049,0.22856,0.22668,0.22484,0.22305,0.22131,0.2196,0.21793,0.2163,0.2147,0.21314,0.21162,0.21012,0.20866,0.20723,0.20582,0.20445,0.2031,0.20178,0.20048,0.19921,0.19796,0.19674,0.19553,0.19435,0.19319,0.19206,0.19094,0.18984,0.18876,0.1877,0.18665,0.18562,0.18461,0.18362,0.18264,0.18168,0.18073
0.58267,0.59981,0.61952,0.64262,0.6704,0.70501,0.75049,0.81578,0.928,1.2788,0.89914,0.77047,0.69328,0.63857,0.59653,0.56262,0.53437,0.51027,0.48936,0.47096,0.45458,0.43986,0.42654,0.4144,0.40327,0.39301,0.38352,0.3747,0.36647,0.35877,0.35155,0.34475,0.33833,0.33227,0.32653,0.32107,0.31589,0.31095,0.30623,0.30173,0.29742,0.2933,0.28934,0.28554,0.28188,0.27837,0.27498,0.27171,0.26856,0.26552,0.26258,0.25973,0.25698,0.25431,0.25172,0.24921,0.24678,0.24441,0.24211,0.23988,0.23771,0.23559,0.23353,0.23153,0.22957,0.22767,0.22581,0.22399,0.22222,0.22049,0.2188,0.21715,0.21554,0.21396,0.21241,0.2109,0.20942,0.20797,0.20655,0.20516,0.2038,0.20246,0.20115,0.19987,0.19861,0.19737,0.19616,0.19497,0.1938,0.19265,0.19152,0.19041,0.18932,0.18824,0.18719,0.18615,0.18514,0.18413,0.18315,0.18218,0.18122
0.55354,0.56811,0.5846,0.60356,0.62577,0.65246,0.68568,0.72929,0.79183,0.89914,1.2338,0.87348,0.75124,0.67776,0.62556,0.58536,0.55285,0.52572,0.50253,0.48238,0.46461,0.44877,0.43452,0.42161,0.40982,0.399,0.38903,0.37978,0.37118,0.36316,0.35564,0.34859,0.34194,0.33567,0.32973,0.3241,0.31876,0.31368,0.30883,0.30421,0.29979,0.29555,0.2915,0.28761,0.28387,0.28027,0.27681,0.27348,0.27026,0.26716,0.26416,0.26126,0.25845,0.25574,0.2531,0.25055,0.24807,0.24567,0.24334,0.24107,0.23886,0.23671,0.23462,0.23259,0.23061,0.22867,0.22679,0.22495,0.22315,0.2214,0.21969,0.21802,0.21638,0.21479,0.21322,0.21169,0.2102,0.20873,0.20729,0.20589,0.20451,0.20316,0.20184,0.20054,0.19927,0.19802,0.19679,0.19559,0.1944,0.19324,0.1921,0.19098,0.18988,0.1888,0.18774,0.18669,0.18566,0.18465,0.18366,0.18268,0.18171
0.52838,0.54096,0.55503,0.57095,0.58925,0.61067,0.63639,0.66839,0.71035,0.77047,0.87348,1.1941,0.85045,0.73379,0.66356,0.61358,0.575,0.54376,0.51763,0.49527,0.4758,0.45861,0.44326,0.42945,0.41691,0.40545,0.39493,0.38521,0.3762,0.36781,0.35997,0.35263,0.34573,0.33923,0.33309,0.32727,0.32176,0.31652,0.31153,0.30678,0.30224,0.29789,0.29373,0.28975,0.28592,0.28224,0.2787,0.27529,0.27201,0.26884,0.26578,0.26283,0.25997,0.2572,0.25452,0.25192,0.2494,0.24696,0.24459,0.24228,0.24004,0.23786,0.23574,0.23367,0.23166,0.2297,0.22779,0.22592,0.2241,0.22233,0.2206,0.2189,0.21725,0.21563,0.21405,0.2125,0.21098,0.2095,0.20805,0.20663,0.20523,0.20387,0.20253,0.20122,0.19993,0.19867,0.19743,0.19622,0.19502,0.19385,0.1927,0.19157,0.19046,0.18937,0.18829,0.18724,0.1862,0.18518,0.18417,0.18319,0.18222
0.50636,0.51737,0.52956,0.54318,0.5586,0.5763,0.59701,0.62187,0.65278,0.69328,0.75124,0.85045,1.1587,0.82959,0.71785,0.65049,0.60248,0.56536,0.53526,0.51004,0.48843,0.46958,0.45292,0.43804,0.42462,0.41242,0.40127,0.39102,0.38155,0.37276,0.36456,0.35691,0.34973,0.34298,0.33661,0.33059,0.3249,0.31949,0.31435,0.30945,0.30478,0.30032,0.29605,0.29196,0.28804,0.28427,0.28065,0.27717,0.27381,0.27058,0.26746,0.26444,0.26152,0.2587,0.25598,0.25333,0.25077,0.24828,0.24587,0.24352,0.24124,0.23903,0.23688,0.23478,0.23274,0.23075,0.22881,0.22692,0.22507,0.22328,0.22152,0.2198,0.21813,0.21649,0.21489,0.21332,0.21179,0.21029,0.20882,0.20738,0.20597,0.20459,0.20324,0.20191,0.20061,0.19933,0.19808,0.19685,0.19565,0.19446,0.1933,0.19216,0.19104,0.18994,0.18885,0.18779,0.18674,0.18571,0.1847,0.1837,0.18272
0.48689,0.49662,0.50732,0.51915,0.53237,0.54733,0.56449,0.58457,0.60865,0.63857,0.67776,0.73379,0.82959,1.1268,0.81058,0.7032,0.6384,0.59215,0.55636,0.52728,0.50289,0.48196,0.46369,0.44752,0.43306,0.42001,0.40814,0.39727,0.38728,0.37803,0.36944,0.36144,0.35395,0.34692,0.34031,0.33408,0.32818,0.32259,0.31728,0.31224,0.30743,0.30284,0.29845,0.29426,0.29023,0.28638,0.28267,0.2791,0.27567,0.27237,0.26918,0.2661,0.26313,0.26025,0.25747,0.25478,0.25217,0.24963,0.24718,0.2448,0.24248,0.24023,0.23804,0.23591,0.23384,0.23182,0.22985,0.22793,0.22606,0.22424,0.22246,0.22072,0.21902,0.21736,0.21574,0.21415,0.2126,0.21108,0.2096,0.20814,0.20672,0.20532,0.20395,0.20261,0.2013,0.20001,0.19874,0.1975,0.19628,0.19509,0.19391,0.19276,0.19163,0.19052,0.18942,0.18835,0.18729,0.18625,0.18523,0.18423,0.18324
0.4695,0.47819,0.48767,0.49807,0.50958,0.52244,0.53697,0.55365,0.57315,0.59653,0.62556,0.66356,0.71785,0.81058,1.0978,0.79313,0.68965,0.62716,0.58251,0.54791,0.51977,0.49614,0.47584,0.4581,0.44239,0.42832,0.41561,0.40404,0.39344,0.38368,0.37465,0.36626,0.35843,0.3511,0.34422,0.33774,0.33162,0.32584,0.32035,0.31514,0.31019,0.30546,0.30095,0.29664,0.29251,0.28855,0.28475,0.2811,0.27759,0.27421,0.27095,0.26781,0.26477,0.26184,0.259,0.25626,0.2536,0.25102,0.24852,0.2461,0.24374,0.24146,0.23923,0.23707,0.23496,0.23291,0.23092,0.22897,0.22707,0.22522,0.22342,0.22166,0.21993,0.21825,0.21661,0.215,0.21343,0.2119,0.21039,0.20892,0.20748,0.20607,0.20468,0.20333,0.202,0.20069,0.19941,0.19816,0.19693,0.19572,0.19454,0.19337,0.19223,0.1911,0.19,0.18892,0.18785,0.1868,0.18577,0.18475,0.18376
0.45385,0.46167,0.47015,0.47939,0.48952,0.50074,0.51326,0.52741,0.54365,0.56262,0.58536,0.61358,0.65049,0.7032,0.79313,1.0714,0.77704,0.67708,0.61667,0.57347,0.53996,0.51268,0.48975,0.47003,0.45278,0.43749,0.42378,0.41139,0.40011,0.38976,0.38023,0.37139,0.36318,0.35552,0.34834,0.3416,0.33524,0.32925,0.32357,0.31818,0.31307,0.3082,0.30355,0.29911,0.29487,0.29081,0.28691,0.28317,0.27957,0.27612,0.27278,0.26957,0.26647,0.26348,0.26058,0.25778,0.25507,0.25245,0.2499,0.24743,0.24504,0.24271,0.24045,0.23825,0.23611,0.23403,0.232,0.23003,0.2281,0.22623,0.2244,0.22261,0.22086,0.21916,0.2175,0.21587,0.21428,0.21272,0.2112,0.20971,0.20825,0.20682,0.20542,0.20405,0.20271,0.20139,0.2001,0.19883,0.19759,0.19636,0.19517,0.19399,0.19284,0.1917,0.19059,0.18949,0.18841,0.18736,0.18631,0.18529,0.18428
0.43967,0.44676,0.4544,0.46268,0.47169,0.48158,0.49252,0.50474,0.51854,0.53437,0.55285,0.575,0.60248,0.6384,0.68965,0.77704,1.0471,0.76213,0.66536,0.60685,0.56498,0.53247,0.50598,0.48369,0.46451,0.44771,0.43281,0.41945,0.40735,0.39633,0.38622,0.3769,0.36826,0.36022,0.35271,0.34567,0.33906,0.33283,0.32694,0.32137,0.31608,0.31105,0.30626,0.30169,0.29732,0.29315,0.28915,0.28531,0.28163,0.27808,0.27467,0.27139,0.26822,0.26516,0.26221,0.25935,0.25659,0.25391,0.25132,0.2488,0.24637,0.244,0.2417,0.23946,0.23729,0.23517,0.23312,0.23111,0.22916,0.22725,0.22539,0.22358,0.22181,0.22009,0.2184,0.21675,0.21514,0.21356,0.21202,0.21051,0.20904,0.20759,0.20617,0.20479,0.20343,0.2021,0.20079,0.19951,0.19825,0.19702,0.19581,0.19462,0.19345,0.19231,0.19118,0.19007,0.18899,0.18792,0.18687,0.18583,0.18482
0.42673,0.4332,0.44013,0.44761,0.4557,0.46451,0.47418,0.48486,0.4968,0.51027,0.52572,0.54376,0.56536,0.59215,0.62716,0.67708,0.76213,1.0247,0.74826,0.65439,0.59762,0.55697,0.52538,0.49962,0.47793,0.45924,0.44287,0.42834,0.41529,0.40348,0.3927,0.38282,0.37369,0.36523,0.35735,0.34999,0.34309,0.3366,0.33048,0.3247,0.31923,0.31403,0.30908,0.30437,0.29988,0.29558,0.29147,0.28753,0.28375,0.28012,0.27662,0.27326,0.27002,0.2669,0.26388,0.26096,0.25814,0.25541,0.25277,0.25021,0.24773,0.24532,0.24298,0.2407,0.23849,0.23634,0.23425,0.23222,0.23023,0.2283,0.22641,0.22458,0.22278,0.22103,0.21932,0.21765,0.21602,0.21442,0.21286,0.21133,0.20984,0.20837,0.20694,0.20554,0.20416,0.20281,0.20149,0.2002,0.19893,0.19768,0.19646,0.19526,0.19408,0.19292,0.19178,0.19066,0.18957,0.18849,0.18743,0.18638,0.18536
0.41488,0.42081,0.42714,0.43393,0.44124,0.44916,0.45778,0.46724,0.47769,0.48936,0.50253,0.51763,0.53526,0.55636,0.58251,0.61667,0.66536,0.74826,1.0039,0.73529,0.6441,0.58893,0.54939,0.51865,0.49357,0.47244,0.45422,0.43824,0.42405,0.4113,0.39975,0.38921,0.37953,0.3706,0.3623,0.35458,0.34736,0.34059,0.33422,0.32821,0.32253,0.31715,0.31203,0.30717,0.30253,0.29811,0.29388,0.28983,0.28595,0.28222,0.27864,0.2752,0.27188,0.26868,0.2656,0.26262,0.25974,0.25696,0.25426,0.25165,0.24912,0.24667,0.24429,0.24197,0.23973,0.23754,0.23542,0.23335,0.23133,0.22937,0.22745,0.22559,0.22377,0.22199,0.22026,0.21857,0.21691,0.21529,0.21371,0.21216,0.21065,0.20917,0.20772,0.2063,0.20491,0.20354,0.20221,0.2009,0.19961,0.19835,0.19712,0.1959,0.19471,0.19354,0.19239,0.19126,0.19016,0.18907,0.188,0.18694,0.18591
0.40396,0.40942,0.41523,0.42144,0.42809,0.43526,0.44301,0.45146,0.46072,0.47096,0.48238,0.49527,0.51004,0.52728,0.54791,0.57347,0.60685,0.65439,0.73529,0.98457,0.72314,0.63441,0.58071,0.54221,0.51227,0.48781,0.4672,0.44941,0.43381,0.41994,0.40747,0.39617,0.38585,0.37637,0.36761,0.35948,0.3519,0.34481,0.33817,0.33191,0.326,0.32042,0.31512,0.31009,0.30531,0.30074,0.29639,0.29222,0.28823,0.2844,0.28073,0.2772,0.2738,0.27053,0.26738,0.26433,0.26139,0.25855,0.2558,0.25314,0.25056,0.24806,0.24563,0.24328,0.24099,0.23877,0.23661,0.2345,0.23245,0.23046,0.22852,0.22662,0.22478,0.22298,0.22122,0.2195,0.21782,0.21618,0.21458,0.21301,0.21148,0.20998,0.20851,0.20707,0.20567,0.20429,0.20294,0.20161,0.20031,0.19904,0.19779,0.19656,0.19536,0.19417,0.19301,0.19187,0.19075,0.18965,0.18857,0.18751,0.18646
0.39386,0.39891,0.40427,0.40997,0.41606,0.42258,0.42961,0.43722,0.4455,0.45458,0.46461,0.4758,0.48843,0.50289,0.51977,0.53996,0.56498,0.59762,0.6441,0.72314,0.96649,0.71172,0.62526,0.57293,0.5354,0.50619,0.48232,0.46218,0.44481,0.42955,0.41598,0.40378,0.39271,0.3826,0.37331,0.36472,0.35674,0.3493,0.34234,0.33581,0.32966,0.32386,0.31836,0.31315,0.3082,0.30349,0.299,0.29471,0.2906,0.28667,0.2829,0.27927,0.27579,0.27244,0.26921,0.2661,0.26309,0.26019,0.25738,0.25466,0.25203,0.24948,0.24701,0.24461,0.24228,0.24002,0.23782,0.23569,0.2336,0.23158,0.2296,0.22768,0.22581,0.22398,0.22219,0.22045,0.21875,0.21709,0.21546,0.21388,0.21232,0.21081,0.20932,0.20786,0.20644,0.20504,0.20367,0.20233,0.20102,0.19973,0.19847,0.19723,0.19601,0.19482,0.19364,0.19249,0.19136,0.19025,0.18916,0.18808,0.18703
0.38449,0.38917,0.39413,0.39939,0.40499,0.41097,0.41737,0.42427,0.43174,0.43986,0.44877,0.45861,0.46958,0.48196,0.49614,0.51268,0.53247,0.55697,0.58893,0.63441,0.71172,0.94954,0.70095,0.61661,0.56554,0.52891,0.50038,0.47707,0.45739,0.44039,0.42546,0.41218,0.40023,0.38938,0.37947,0.37035,0.36192,0.35409,0.34679,0.33995,0.33353,0.32748,0.32177,0.31637,0.31124,0.30636,0.30172,0.2973,0.29307,0.28902,0.28514,0.28142,0.27785,0.27441,0.2711,0.26792,0.26484,0.26187,0.259,0.25623,0.25355,0.25095,0.24843,0.24598,0.24361,0.24131,0.23907,0.2369,0.23478,0.23272,0.23072,0.22876,0.22686,0.225,0.22319,0.22142,0.2197,0.21801,0.21637,0.21476,0.21318,0.21165,0.21014,0.20867,0.20722,0.20581,0.20443,0.20307,0.20174,0.20044,0.19916,0.1979,0.19667,0.19547,0.19428,0.19312,0.19198,0.19085,0.18975,0.18867,0.1876
0.37575,0.38012,0.38473,0.3896,0.39477,0.40027,0.40614,0.41243,0.41921,0.42654,0.43452,0.44326,0.45292,0.46369,0.47584,0.48975,0.50598,0.52538,0.54939,0.58071,0.62526,0.70095,0.93361,0.69077,0.6084,0.55852,0.52272,0.49484,0.47204,0.45278,0.43615,0.42153,0.40852,0.3968,0.38616,0.37644,0.36749,0.35921,0.35152,0.34434,0.33762,0.33131,0.32536,0.31974,0.31442,0.30937,0.30457,0.3,0.29563,0.29146,0.28747,0.28365,0.27998,0.27645,0.27306,0.2698,0.26665,0.26361,0.26068,0.25785,0.25511,0.25245,0.24988,0.24739,0.24497,0.24263,0.24035,0.23814,0.23598,0.23389,0.23185,0.22987,0.22793,0.22605,0.22421,0.22242,0.22067,0.21896,0.21729,0.21566,0.21406,0.2125,0.21098,0.20948,0.20802,0.20659,0.20519,0.20382,0.20247,0.20115,0.19986,0.19859,0.19735,0.19613,0.19493,0.19375,0.1926,0.19147,0.19035,0.18926,0.18818
0.36758,0.37166,0.37596,0.38049,0.38529,0.39037,0.39578,0.40155,0.40774,0.4144,0.42161,0.42945,0.43804,0.44752,0.4581,0.47003,0.48369,0.49962,0.51865,0.54221,0.57293,0.61661,0.69077,0.9186,0.68112,0.60059,0.55182,0.51682,0.48954,0.46722,0.44837,0.43207,0.41774,0.40498,0.39349,0.38306,0.37351,0.36472,0.35659,0.34903,0.34197,0.33536,0.32915,0.32329,0.31776,0.31252,0.30755,0.30282,0.29831,0.29401,0.2899,0.28596,0.28219,0.27857,0.27509,0.27174,0.26852,0.26541,0.26241,0.25951,0.25671,0.254,0.25138,0.24884,0.24637,0.24398,0.24166,0.23941,0.23722,0.23509,0.23302,0.231,0.22903,0.22712,0.22525,0.22343,0.22165,0.21992,0.21823,0.21657,0.21495,0.21337,0.21183,0.21032,0.20884,0.20739,0.20597,0.20458,0.20322,0.20188,0.20058,0.19929,0.19804,0.1968,0.19559,0.1944,0.19323,0.19209,0.19096,0.18985,0.18877
0.35992,0.36375,0.36777,0.372,0.37646,0.38118,0.38618,0.3915,0.39718,0.40327,0.40982,0.41691,0.42462,0.43306,0.44239,0.45278,0.46451,0.47793,0.49357,0.51227,0.5354,0.56554,0.6084,0.68112,0.90441,0.67197,0.59316,0.54543,0.51116,0.48445,0.46259,0.44412,0.42814,0.41409,0.40157,0.39029,0.38005,0.37067,0.36203,0.35404,0.34661,0.33967,0.33316,0.32705,0.32128,0.31584,0.31067,0.30577,0.30111,0.29667,0.29243,0.28837,0.28449,0.28076,0.27719,0.27375,0.27045,0.26726,0.26419,0.26123,0.25836,0.25559,0.25292,0.25032,0.24781,0.24537,0.24301,0.24071,0.23848,0.23631,0.23421,0.23215,0.23016,0.22821,0.22631,0.22447,0.22266,0.2209,0.21918,0.21751,0.21587,0.21426,0.2127,0.21116,0.20966,0.2082,0.20676,0.20535,0.20398,0.20263,0.2013,0.2,0.19873,0.19748,0.19626,0.19506,0.19388,0.19272,0.19158,0.19046,0.18936
0.35272,0.35632,0.36009,0.36405,0.36822,0.37261,0.37726,0.38218,0.38742,0.39301,0.399,0.40545,0.41242,0.42001,0.42832,0.43749,0.44771,0.45924,0.47244,0.48781,0.50619,0.52891,0.55852,0.60059,0.67197,0.89097,0.66326,0.58607,0.53932,0.50575,0.47957,0.45814,0.44003,0.42436,0.41057,0.39828,0.3872,0.37714,0.36792,0.35943,0.35157,0.34426,0.33743,0.33102,0.325,0.31933,0.31396,0.30887,0.30404,0.29944,0.29506,0.29088,0.28687,0.28304,0.27937,0.27584,0.27244,0.26918,0.26603,0.263,0.26007,0.25724,0.2545,0.25185,0.24929,0.2468,0.24439,0.24205,0.23978,0.23757,0.23543,0.23334,0.23131,0.22933,0.2274,0.22552,0.22369,0.2219,0.22016,0.21846,0.21679,0.21517,0.21358,0.21203,0.21051,0.20902,0.20757,0.20614,0.20475,0.20338,0.20204,0.20073,0.19944,0.19818,0.19694,0.19572,0.19453,0.19336,0.19221,0.19108,0.18997
0.34594,0.34933,0.35288,0.3566,0.3605,0.3646,0.36893,0.37351,0.37836,0.38352,0.38903,0.39493,0.40127,0.40814,0.41561,0.42378,0.43281,0.44287,0.45422,0.4672,0.48232,0.50038,0.52272,0.55182,0.59316,0.66326,0.87821,0.65495,0.5793,0.53347,0.50055,0.47488,0.45386,0.43608,0.4207,0.40717,0.39509,0.38421,0.37431,0.36525,0.3569,0.34917,0.34197,0.33525,0.32894,0.32301,0.31742,0.31213,0.30711,0.30235,0.29781,0.29349,0.28936,0.28541,0.28163,0.278,0.27451,0.27116,0.26793,0.26482,0.26183,0.25893,0.25613,0.25343,0.25081,0.24827,0.24581,0.24342,0.24111,0.23886,0.23668,0.23455,0.23248,0.23047,0.22851,0.2266,0.22474,0.22293,0.22116,0.21943,0.21774,0.21609,0.21448,0.21291,0.21137,0.20986,0.20839,0.20695,0.20553,0.20415,0.20279,0.20146,0.20016,0.19888,0.19763,0.1964,0.19519,0.19401,0.19285,0.19171,0.19058
0.33953,0.34274,0.34608,0.34958,0.35324,0.35709,0.36114,0.3654,0.36992,0.3747,0.37978,0.38521,0.39102,0.39727,0.40404,0.41139,0.41945,0.42834,0.43824,0.44941,0.46218,0.47707,0.49484,0.51682,0.54543,0.58607,0.65495,0.86608,0.64703,0.57281,0.52785,0.49556,0.47037,0.44974,0.43228,0.41717,0.40387,0.39201,0.38131,0.37158,0.36266,0.35445,0.34683,0.33975,0.33312,0.32691,0.32107,0.31556,0.31034,0.30539,0.3007,0.29622,0.29196,0.28788,0.28398,0.28024,0.27666,0.27322,0.2699,0.26671,0.26364,0.26068,0.25781,0.25505,0.25237,0.24978,0.24727,0.24484,0.24248,0.24018,0.23796,0.23579,0.23369,0.23164,0.22965,0.22771,0.22582,0.22398,0.22218,0.22042,0.21871,0.21704,0.2154,0.21381,0.21225,0.21072,0.20922,0.20776,0.20633,0.20493,0.20356,0.20221,0.20089,0.1996,0.19833,0.19709,0.19587,0.19467,0.1935,0.19234,0.19121
0.33347,0.3365,0.33966,0.34296,0.34641,0.35003,0.35382,0.35781,0.36202,0.36647,0.37118,0.3762,0.38155,0.38728,0.39344,0.40011,0.40735,0.41529,0.42405,0.43381,0.44481,0.45739,0.47204,0.48954,0.51116,0.53932,0.5793,0.64703,0.85453,0.63945,0.5666,0.52247,0.49076,0.46602,0.44576,0.42861,0.41376,0.40069,0.38902,0.3785,0.36892,0.36015,0.35206,0.34456,0.33758,0.33106,0.32494,0.31918,0.31374,0.3086,0.30372,0.29908,0.29467,0.29045,0.28643,0.28258,0.27889,0.27535,0.27194,0.26867,0.26552,0.26248,0.25955,0.25672,0.25398,0.25133,0.24877,0.24629,0.24388,0.24154,0.23927,0.23707,0.23493,0.23284,0.23082,0.22884,0.22692,0.22505,0.22322,0.22144,0.2197,0.218,0.21634,0.21472,0.21314,0.21159,0.21008,0.2086,0.20715,0.20573,0.20434,0.20297,0.20164,0.20033,0.19905,0.19779,0.19655,0.19534,0.19415,0.19299,0.19184
0.32772,0.3306,0.33359,0.33671,0.33996,0.34337,0.34694,0.35068,0.35462,0.35877,0.36316,0.36781,0.37276,0.37803,0.38368,0.38976,0.39633,0.40348,0.4113,0.41994,0.42955,0.44039,0.45278,0.46722,0.48445,0.50575,0.53347,0.57281,0.63945,0.8435,0.63219,0.56063,0.51728,0.48614,0.46183,0.44192,0.42506,0.41046,0.3976,0.38612,0.37577,0.36634,0.3577,0.34974,0.34235,0.33547,0.32904,0.32301,0.31733,0.31197,0.30689,0.30208,0.2975,0.29314,0.28898,0.28501,0.28121,0.27756,0.27406,0.2707,0.26746,0.26435,0.26134,0.25844,0.25564,0.25293,0.25031,0.24778,0.24532,0.24294,0.24062,0.23838,0.2362,0.23407,0.23201,0.23,0.22805,0.22614,0.22428,0.22247,0.22071,0.21898,0.2173,0.21566,0.21405,0.21248,0.21095,0.20944,0.20797,0.20654,0.20513,0.20375,0.2024,0.20107,0.19977,0.1985,0.19725,0.19603,0.19482,0.19364,0.19249
0.32226,0.32499,0.32783,0.33078,0.33386,0.33708,0.34044,0.34396,0.34766,0.35155,0.35564,0.35997,0.36456,0.36944,0.37465,0.38023,0.38622,0.3927,0.39975,0.40747,0.41598,0.42546,0.43615,0.44837,0.46259,0.47957,0.50055,0.52785,0.5666,0.63219,0.83297,0.62524,0.5549,0.5123,0.48168,0.45779,0.4382,0.42162,0.40726,0.39461,0.38331,0.37312,0.36384,0.35533,0.34748,0.3402,0.33342,0.32708,0.32113,0.31553,0.31023,0.30523,0.30047,0.29596,0.29165,0.28755,0.28362,0.27986,0.27626,0.2728,0.26948,0.26628,0.2632,0.26022,0.25736,0.25459,0.25191,0.24931,0.2468,0.24437,0.24201,0.23972,0.2375,0.23533,0.23323,0.23119,0.2292,0.22726,0.22537,0.22353,0.22174,0.21999,0.21828,0.21661,0.21498,0.21339,0.21183,0.21031,0.20882,0.20736,0.20593,0.20454,0.20317,0.20183,0.20051,0.19922,0.19796,0.19672,0.1955,0.19431,0.19314
0.31706,0.31966,0.32236,0.32516,0.32808,0.33112,0.3343,0.33762,0.3411,0.34475,0.34859,0.35263,0.35691,0.36144,0.36626,0.37139,0.3769,0.38282,0.38921,0.39617,0.40378,0.41218,0.42153,0.43207,0.44412,0.45814,0.47488,0.49556,0.52247,0.56063,0.62524,0.82288,0.61856,0.54939,0.50749,0.47738,0.45388,0.43461,0.4183,0.40416,0.39171,0.38058,0.37054,0.3614,0.35301,0.34528,0.3381,0.33142,0.32516,0.31929,0.31376,0.30854,0.3036,0.29891,0.29445,0.2902,0.28614,0.28226,0.27854,0.27498,0.27156,0.26828,0.26511,0.26207,0.25913,0.25629,0.25355,0.2509,0.24833,0.24584,0.24344,0.2411,0.23883,0.23663,0.23449,0.23241,0.23038,0.22841,0.22649,0.22462,0.22279,0.22102,0.21928,0.21759,0.21593,0.21431,0.21273,0.21119,0.20968,0.2082,0.20676,0.20534,0.20395,0.20259,0.20126,0.19996,0.19868,0.19743,0.1962,0.19499,0.1938
0.31211,0.31458,0.31715,0.31982,0.32259,0.32547,0.32848,0.33162,0.3349,0.33833,0.34194,0.34573,0.34973,0.35395,0.35843,0.36318,0.36826,0.37369,0.37953,0.38585,0.39271,0.40023,0.40852,0.41774,0.42814,0.44003,0.45386,0.47037,0.49076,0.51728,0.5549,0.61856,0.81322,0.61213,0.54407,0.50285,0.47323,0.4501,0.43113,0.41507,0.40116,0.38889,0.37793,0.36804,0.35903,0.35076,0.34314,0.33606,0.32946,0.32329,0.3175,0.31204,0.30689,0.30201,0.29737,0.29297,0.28877,0.28476,0.28092,0.27725,0.27373,0.27035,0.2671,0.26397,0.26096,0.25805,0.25524,0.25253,0.2499,0.24736,0.2449,0.24252,0.2402,0.23796,0.23577,0.23365,0.23159,0.22958,0.22763,0.22573,0.22387,0.22206,0.2203,0.21858,0.2169,0.21526,0.21366,0.21209,0.21056,0.20906,0.20759,0.20616,0.20475,0.20338,0.20203,0.20071,0.19941,0.19814,0.1969,0.19568,0.19448
0.30738,0.30974,0.31219,0.31473,0.31737,0.32011,0.32296,0.32593,0.32903,0.33227,0.33567,0.33923,0.34298,0.34692,0.3511,0.35552,0.36022,0.36523,0.3706,0.37637,0.3826,0.38938,0.3968,0.40498,0.41409,0.42436,0.43608,0.44974,0.46602,0.48614,0.5123,0.54939,0.61213,0.80394,0.60595,0.53895,0.49838,0.46921,0.44644,0.42777,0.41195,0.39824,0.38615,0.37535,0.3656,0.35672,0.34857,0.34105,0.33406,0.32756,0.32147,0.31575,0.31036,0.30527,0.30045,0.29587,0.29152,0.28737,0.28341,0.27962,0.27599,0.2725,0.26916,0.26595,0.26285,0.25987,0.25699,0.25421,0.25152,0.24893,0.24641,0.24397,0.24161,0.23932,0.23709,0.23493,0.23283,0.23079,0.2288,0.22686,0.22498,0.22314,0.22135,0.2196,0.21789,0.21622,0.2146,0.21301,0.21145,0.20993,0.20845,0.20699,0.20557,0.20417,0.20281,0.20147,0.20016,0.19887,0.19761,0.19638,0.19516
0.30286,0.30512,0.30746,0.30988,0.31239,0.315,0.3177,0.32052,0.32346,0.32653,0.32973,0.33309,0.33661,0.34031,0.34422,0.34834,0.35271,0.35735,0.3623,0.36761,0.37331,0.37947,0.38616,0.39349,0.40157,0.41057,0.4207,0.43228,0.44576,0.46183,0.48168,0.50749,0.54407,0.60595,0.79503,0.6,0.53401,0.49405,0.46533,0.4429,0.4245,0.40891,0.3954,0.38349,0.37284,0.36323,0.35447,0.34643,0.33901,0.33212,0.3257,0.31968,0.31404,0.30872,0.30369,0.29893,0.2944,0.2901,0.286,0.28208,0.27833,0.27474,0.2713,0.26799,0.26481,0.26175,0.2588,0.25595,0.2532,0.25054,0.24797,0.24547,0.24306,0.24072,0.23845,0.23625,0.2341,0.23202,0.23,0.22803,0.22611,0.22424,0.22241,0.22064,0.2189,0.21721,0.21556,0.21394,0.21237,0.21082,0.20932,0.20784,0.2064,0.20498,0.2036,0.20224,0.20092,0.19962,0.19834,0.19709,0.19586
0.29853,0.30069,0.30293,0.30524,0.30764,0.31012,0.3127,0.31538,0.31817,0.32107,0.3241,0.32727,0.33059,0.33408,0.33774,0.3416,0.34567,0.34999,0.35458,0.35948,0.36472,0.37035,0.37644,0.38306,0.39029,0.39828,0.40717,0.41717,0.42861,0.44192,0.45779,0.47738,0.50285,0.53895,0.6,0.78646,0.59425,0.52924,0.48986,0.46156,0.43946,0.42133,0.40597,0.39265,0.3809,0.3704,0.36092,0.35228,0.34434,0.33702,0.33022,0.32388,0.31794,0.31236,0.30711,0.30214,0.29743,0.29296,0.28871,0.28465,0.28078,0.27708,0.27352,0.27012,0.26685,0.2637,0.26067,0.25774,0.25492,0.2522,0.24957,0.24702,0.24455,0.24216,0.23984,0.2376,0.23541,0.23329,0.23122,0.22922,0.22726,0.22536,0.22351,0.2217,0.21994,0.21822,0.21654,0.2149,0.2133,0.21173,0.2102,0.20871,0.20724,0.20581,0.20441,0.20303,0.20169,0.20037,0.19908,0.19781,0.19657
0.29439,0.29646,0.2986,0.30081,0.3031,0.30547,0.30793,0.31048,0.31313,0.31589,0.31876,0.32176,0.3249,0.32818,0.33162,0.33524,0.33906,0.34309,0.34736,0.3519,0.35674,0.36192,0.36749,0.37351,0.38005,0.3872,0.39509,0.40387,0.41376,0.42506,0.4382,0.45388,0.47323,0.49838,0.53401,0.59425,0.77821,0.58871,0.52462,0.48581,0.45791,0.43613,0.41825,0.4031,0.38997,0.37838,0.36802,0.35867,0.35014,0.34231,0.33508,0.32836,0.3221,0.31624,0.31073,0.30553,0.30062,0.29597,0.29155,0.28735,0.28334,0.27951,0.27584,0.27233,0.26896,0.26572,0.2626,0.2596,0.25671,0.25392,0.25122,0.24861,0.24609,0.24365,0.24128,0.23898,0.23675,0.23459,0.23248,0.23044,0.22845,0.22651,0.22462,0.22279,0.22099,0.21925,0.21754,0.21588,0.21425,0.21266,0.21111,0.20959,0.20811,0.20665,0.20523,0.20384,0.20248,0.20114,0.19983,0.19855,0.19729
0.29041,0.2924,0.29445,0.29657,0.29876,0.30102,0.30337,0.3058,0.30832,0.31095,0.31368,0.31652,0.31949,0.32259,0.32584,0.32925,0.33283,0.3366,0.34059,0.34481,0.3493,0.35409,0.35921,0.36472,0.37067,0.37714,0.38421,0.39201,0.40069,0.41046,0.42162,0.43461,0.4501,0.46921,0.49405,0.52924,0.58871,0.77025,0.58335,0.52015,0.48188,0.45438,0.43289,0.41526,0.40032,0.38736,0.37593,0.36571,0.35647,0.34805,0.34032,0.33318,0.32655,0.32036,0.31457,0.30912,0.30399,0.29914,0.29454,0.29017,0.28601,0.28205,0.27826,0.27463,0.27115,0.26782,0.26461,0.26153,0.25856,0.25569,0.25293,0.25026,0.24767,0.24518,0.24275,0.24041,0.23813,0.23592,0.23378,0.23169,0.22966,0.22769,0.22577,0.2239,0.22208,0.2203,0.21857,0.21687,0.21522,0.21361,0.21203,0.21049,0.20899,0.20751,0.20607,0.20466,0.20328,0.20192,0.2006,0.1993,0.19802
0.28659,0.2885,0.29047,0.2925,0.2946,0.29676,0.29901,0.30133,0.30374,0.30623,0.30883,0.31153,0.31435,0.31728,0.32035,0.32357,0.32694,0.33048,0.33422,0.33817,0.34234,0.34679,0.35152,0.35659,0.36203,0.36792,0.37431,0.38131,0.38902,0.3976,0.40726,0.4183,0.43113,0.44644,0.46533,0.48986,0.52462,0.58335,0.76258,0.57817,0.51583,0.47808,0.45094,0.42974,0.41235,0.39761,0.38482,0.37354,0.36345,0.35433,0.34601,0.33838,0.33133,0.32477,0.31866,0.31294,0.30756,0.30248,0.29768,0.29314,0.28882,0.2847,0.28078,0.27703,0.27344,0.27,0.2667,0.26352,0.26047,0.25753,0.25469,0.25195,0.24931,0.24675,0.24427,0.24188,0.23955,0.23729,0.23511,0.23298,0.23091,0.2289,0.22694,0.22504,0.22318,0.22138,0.21961,0.21789,0.21622,0.21458,0.21298,0.21141,0.20988,0.20839,0.20692,0.20549,0.20409,0.20272,0.20138,0.20006,0.19877
0.28291,0.28475,0.28664,0.28859,0.2906,0.29268,0.29483,0.29705,0.29935,0.30173,0.30421,0.30678,0.30945,0.31224,0.31514,0.31818,0.32137,0.3247,0.32821,0.33191,0.33581,0.33995,0.34434,0.34903,0.35404,0.35943,0.36525,0.37158,0.3785,0.38612,0.39461,0.40416,0.41507,0.42777,0.4429,0.46156,0.48581,0.52015,0.57817,0.75516,0.57315,0.51163,0.47438,0.44761,0.42669,0.40952,0.39497,0.38235,0.37121,0.36124,0.35224,0.34402,0.33648,0.32951,0.32304,0.317,0.31134,0.30602,0.301,0.29626,0.29176,0.28749,0.28342,0.27953,0.27582,0.27227,0.26887,0.2656,0.26246,0.25943,0.25652,0.25371,0.251,0.24838,0.24584,0.24339,0.24101,0.23871,0.23647,0.2343,0.23219,0.23014,0.22815,0.22621,0.22432,0.22248,0.22069,0.21894,0.21723,0.21557,0.21394,0.21235,0.2108,0.20928,0.2078,0.20635,0.20492,0.20353,0.20217,0.20084,0.19953
0.27938,0.28114,0.28296,0.28484,0.28677,0.28876,0.29082,0.29295,0.29515,0.29742,0.29979,0.30224,0.30478,0.30743,0.31019,0.31307,0.31608,0.31923,0.32253,0.326,0.32966,0.33353,0.33762,0.34197,0.34661,0.35157,0.3569,0.36266,0.36892,0.37577,0.38331,0.39171,0.40116,0.41195,0.4245,0.43946,0.45791,0.48188,0.51583,0.57315,0.748,0.5683,0.50757,0.4708,0.44436,0.42371,0.40677,0.3924,0.37994,0.36893,0.35909,0.35019,0.34208,0.33463,0.32774,0.32134,0.31537,0.30978,0.30451,0.29955,0.29486,0.29041,0.28618,0.28215,0.27831,0.27464,0.27112,0.26775,0.26452,0.2614,0.25841,0.25553,0.25274,0.25005,0.24746,0.24495,0.24251,0.24016,0.23787,0.23566,0.23351,0.23142,0.22938,0.22741,0.22548,0.22361,0.22178,0.22,0.21827,0.21658,0.21492,0.21331,0.21173,0.21019,0.20869,0.20721,0.20577,0.20436,0.20298,0.20163,0.2003
0.27597,0.27767,0.27942,0.28123,0.28308,0.285,0.28697,0.28901,0.29112,0.2933,0.29555,0.29789,0.30032,0.30284,0.30546,0.3082,0.31105,0.31403,0.31715,0.32042,0.32386,0.32748,0.33131,0.33536,0.33967,0.34426,0.34917,0.35445,0.36015,0.36634,0.37312,0.38058,0.38889,0.39824,0.40891,0.42133,0.43613,0.45438,0.47808,0.51163,0.5683,0.74107,0.56359,0.50362,0.46731,0.44121,0.42082,0.40408,0.38989,0.37758,0.36671,0.35699,0.3482,0.34018,0.33282,0.32601,0.31968,0.31378,0.30824,0.30304,0.29813,0.29349,0.28909,0.2849,0.28092,0.27711,0.27348,0.27,0.26666,0.26345,0.26037,0.25741,0.25455,0.25179,0.24913,0.24655,0.24406,0.24165,0.23932,0.23705,0.23486,0.23272,0.23065,0.22863,0.22667,0.22477,0.22291,0.2211,0.21933,0.21761,0.21593,0.21429,0.21269,0.21112,0.20959,0.2081,0.20664,0.20521,0.20381,0.20244,0.20109
0.27268,0.27433,0.27601,0.27775,0.27954,0.28138,0.28327,0.28523,0.28725,0.28934,0.2915,0.29373,0.29605,0.29845,0.30095,0.30355,0.30626,0.30908,0.31203,0.31512,0.31836,0.32177,0.32536,0.32915,0.33316,0.33743,0.34197,0.34683,0.35206,0.3577,0.36384,0.37054,0.37793,0.38615,0.3954,0.40597,0.41825,0.43289,0.45094,0.47438,0.50757,0.56359,0.73436,0.55902,0.49979,0.46392,0.43814,0.418,0.40147,0.38745,0.37529,0.36455,0.35494,0.34625,0.33832,0.33104,0.32431,0.31805,0.31221,0.30674,0.30159,0.29674,0.29214,0.28779,0.28365,0.2797,0.27593,0.27233,0.26889,0.26558,0.26241,0.25936,0.25642,0.25358,0.25085,0.24821,0.24566,0.2432,0.24081,0.23849,0.23625,0.23407,0.23195,0.2299,0.2279,0.22595,0.22406,0.22222,0.22042,0.21867,0.21696,0.21529,0.21366,0.21208,0.21052,0.209,0.20752,0.20607,0.20465,0.20326,0.2019
0.26951,0.2711,0.27273,0.2744,0.27612,0.27789,0.27972,0.2816,0.28354,0.28554,0.28761,0.28975,0.29196,0.29426,0.29664,0.29911,0.30169,0.30437,0.30717,0.31009,0.31315,0.31637,0.31974,0.32329,0.32705,0.33102,0.33525,0.33975,0.34456,0.34974,0.35533,0.3614,0.36804,0.37535,0.38349,0.39265,0.4031,0.41526,0.42974,0.44761,0.4708,0.50362,0.55902,0.72786,0.55459,0.49606,0.46063,0.43516,0.41526,0.39892,0.38507,0.37305,0.36243,0.35293,0.34434,0.33651,0.32931,0.32265,0.31646,0.31068,0.30527,0.30018,0.29537,0.29082,0.28651,0.28241,0.27851,0.27478,0.27121,0.2678,0.26452,0.26138,0.25836,0.25544,0.25264,0.24993,0.24731,0.24479,0.24234,0.23997,0.23768,0.23545,0.23329,0.23119,0.22915,0.22717,0.22524,0.22336,0.22153,0.21975,0.21801,0.21632,0.21466,0.21305,0.21147,0.20993,0.20842,0.20695,0.20551,0.2041,0.20271
0.26645,0.26798,0.26955,0.27117,0.27283,0.27453,0.27629,0.2781,0.27996,0.28188,0.28387,0.28592,0.28804,0.29023,0.29251,0.29487,0.29732,0.29988,0.30253,0.30531,0.3082,0.31124,0.31442,0.31776,0.32128,0.325,0.32894,0.33312,0.33758,0.34235,0.34748,0.35301,0.35903,0.3656,0.37284,0.3809,0.38997,0.40032,0.41235,0.42669,0.44436,0.46731,0.49979,0.55459,0.72156,0.55028,0.49244,0.45742,0.43225,0.41258,0.39643,0.38274,0.37086,0.36036,0.35097,0.34248,0.33473,0.32761,0.32102,0.3149,0.30918,0.30383,0.29879,0.29403,0.28953,0.28526,0.2812,0.27733,0.27364,0.27011,0.26673,0.26348,0.26037,0.25737,0.25449,0.25171,0.24902,0.24643,0.24392,0.2415,0.23915,0.23687,0.23467,0.23252,0.23044,0.22842,0.22645,0.22454,0.22267,0.22086,0.21909,0.21736,0.21568,0.21404,0.21244,0.21087,0.20934,0.20784,0.20638,0.20495,0.20355
0.26349,0.26497,0.26649,0.26805,0.26965,0.27129,0.27298,0.27473,0.27652,0.27837,0.28027,0.28224,0.28427,0.28638,0.28855,0.29081,0.29315,0.29558,0.29811,0.30074,0.30349,0.30636,0.30937,0.31252,0.31584,0.31933,0.32301,0.32691,0.33106,0.33547,0.3402,0.34528,0.35076,0.35672,0.36323,0.3704,0.37838,0.38736,0.39761,0.40952,0.42371,0.44121,0.46392,0.49606,0.55028,0.71544,0.54609,0.48891,0.45429,0.42941,0.40997,0.39401,0.38047,0.36872,0.35834,0.34906,0.34065,0.33299,0.32594,0.31943,0.31337,0.30771,0.30241,0.29742,0.29271,0.28826,0.28403,0.28001,0.27618,0.27252,0.26902,0.26567,0.26246,0.25937,0.2564,0.25354,0.25079,0.24813,0.24556,0.24307,0.24067,0.23834,0.23608,0.23389,0.23177,0.2297,0.22769,0.22574,0.22384,0.22199,0.22019,0.21844,0.21673,0.21506,0.21343,0.21183,0.21028,0.20876,0.20727,0.20582,0.2044
0.26062,0.26206,0.26353,0.26503,0.26658,0.26816,0.2698,0.27147,0.2732,0.27498,0.27681,0.2787,0.28065,0.28267,0.28475,0.28691,0.28915,0.29147,0.29388,0.29639,0.299,0.30172,0.30457,0.30755,0.31067,0.31396,0.31742,0.32107,0.32494,0.32904,0.33342,0.3381,0.34314,0.34857,0.35447,0.36092,0.36802,0.37593,0.38482,0.39497,0.40677,0.42082,0.43814,0.46063,0.49244,0.54609,0.70951,0.54202,0.48548,0.45125,0.42665,0.40742,0.39164,0.37825,0.36663,0.35637,0.34718,0.33887,0.33128,0.32431,0.31786,0.31187,0.30627,0.30102,0.29608,0.29142,0.28701,0.28282,0.27884,0.27504,0.27142,0.26796,0.26464,0.26145,0.25839,0.25545,0.25262,0.24988,0.24725,0.2447,0.24223,0.23985,0.23754,0.2353,0.23313,0.23102,0.22897,0.22698,0.22504,0.22316,0.22132,0.21954,0.21779,0.21609,0.21444,0.21282,0.21124,0.20969,0.20819,0.20671,0.20527
0.25785,0.25924,0.26066,0.26212,0.26361,0.26514,0.26672,0.26834,0.27,0.27171,0.27348,0.27529,0.27717,0.2791,0.2811,0.28317,0.28531,0.28753,0.28983,0.29222,0.29471,0.2973,0.3,0.30282,0.30577,0.30887,0.31213,0.31556,0.31918,0.32301,0.32708,0.33142,0.33606,0.34105,0.34643,0.35228,0.35867,0.36571,0.37354,0.38235,0.3924,0.40408,0.418,0.43516,0.45742,0.48891,0.54202,0.70374,0.53806,0.48213,0.44828,0.42395,0.40493,0.38932,0.37608,0.36458,0.35443,0.34534,0.33712,0.32961,0.32271,0.31633,0.3104,0.30486,0.29966,0.29477,0.29015,0.28578,0.28163,0.27769,0.27393,0.27034,0.26691,0.26362,0.26046,0.25743,0.25451,0.2517,0.24899,0.24638,0.24385,0.24141,0.23904,0.23675,0.23453,0.23238,0.23028,0.22825,0.22628,0.22435,0.22248,0.22066,0.21889,0.21716,0.21547,0.21383,0.21222,0.21065,0.20912,0.20762,0.20615
0.25517,0.25651,0.25788,0.25929,0.26074,0.26222,0.26374,0.26531,0.26691,0.26856,0.27026,0.27201,0.27381,0.27567,0.27759,0.27957,0.28163,0.28375,0.28595,0.28823,0.2906,0.29307,0.29563,0.29831,0.30111,0.30404,0.30711,0.31034,0.31374,0.31733,0.32113,0.32516,0.32946,0.33406,0.33901,0.34434,0.35014,0.35647,0.36345,0.37121,0.37994,0.38989,0.40147,0.41526,0.43225,0.45429,0.48548,0.53806,0.69814,0.5342,0.47887,0.44539,0.42131,0.4025,0.38706,0.37396,0.36259,0.35254,0.34354,0.33541,0.32798,0.32115,0.31483,0.30895,0.30347,0.29832,0.29348,0.2889,0.28457,0.28047,0.27656,0.27283,0.26928,0.26587,0.26261,0.25949,0.25648,0.25359,0.2508,0.24811,0.24552,0.24302,0.24059,0.23825,0.23597,0.23377,0.23163,0.22956,0.22754,0.22558,0.22367,0.22182,0.22001,0.21825,0.21653,0.21486,0.21322,0.21163,0.21007,0.20855,0.20706
0.25256,0.25386,0.2552,0.25656,0.25796,0.25939,0.26087,0.26237,0.26393,0.26552,0.26716,0.26884,0.27058,0.27237,0.27421,0.27612,0.27808,0.28012,0.28222,0.2844,0.28667,0.28902,0.29146,0.29401,0.29667,0.29944,0.30235,0.30539,0.3086,0.31197,0.31553,0.31929,0.32329,0.32756,0.33212,0.33702,0.34231,0.34805,0.35433,0.36124,0.36893,0.37758,0.38745,0.39892,0.41258,0.42941,0.45125,0.48213,0.5342,0.69269,0.53045,0.4757,0.44256,0.41874,0.40013,0.38485,0.37188,0.36063,0.35068,0.34178,0.33373,0.32637,0.31961,0.31336,0.30754,0.3021,0.29701,0.29221,0.28768,0.28339,0.27932,0.27545,0.27176,0.26823,0.26486,0.26163,0.25852,0.25554,0.25268,0.24991,0.24725,0.24468,0.24219,0.23979,0.23746,0.23521,0.23302,0.2309,0.22884,0.22684,0.22489,0.223,0.22116,0.21936,0.21761,0.21591,0.21425,0.21262,0.21104,0.20949,0.20798
