2.0786,0.75132,0.47321,0.3489,0.27763,0.23115,0.19833,0.17386,0.1549,0.13974,0.12735,0.11702,0.10827,0.10076,0.094244,0.088534,0.083489,0.078997,0.074972,0.071344,0.068056,0.065063,0.062326,0.059813,0.057498,0.055358,0.053374,0.05153,0.04981,0.048203,0.046698,0.045285,0.043957,0.042705,0.041523,0.040406,0.039348,0.038345,0.037392,0.036486,0.035623,0.034801,0.034016,0.033267,0.03255,0.031863,0.031206,0.030575,0.029969,0.029388,0.028828,0.02829,0.027772,0.027272,0.026791,0.026326,0.025877,0.025444,0.025025,0.024619,0.024227,0.023847,0.023479,0.023123,0.022777,0.022441,0.022115,0.021799,0.021491,0.021193,0.020902
0.75132,1.4805,0.62766,0.41856,0.31786,0.25755,0.21706,0.18789,0.16581,0.14849,0.13453,0.12301,0.11336,0.10514,0.09805,0.091875,0.086446,0.081633,0.077338,0.073479,0.069993,0.066828,0.063942,0.061298,0.058868,0.056626,0.05455,0.052624,0.050831,0.049158,0.047593,0.046126,0.044748,0.04345,0.042227,0.041072,0.039979,0.038944,0.037961,0.037027,0.036139,0.035293,0.034486,0.033716,0.032979,0.032275,0.0316,0.030953,0.030333,0.029737,0.029164,0.028613,0.028083,0.027573,0.02708,0.026606,0.026147,0.025705,0.025277,0.024863,0.024463,0.024076,0.023701,0.023338,0.022985,0.022643,0.022312,0.02199,0.021677,0.021373,0.021078
0.47321,0.62766,1.235,0.55559,0.38158,0.29503,0.24195,0.2057,0.17923,0.15899,0.14297,0.12997,0.11918,0.11009,0.10232,0.095594,0.089715,0.084531,0.079924,0.075803,0.072092,0.068734,0.065681,0.062891,0.060332,0.057977,0.055801,0.053785,0.051912,0.050167,0.048537,0.047011,0.045579,0.044233,0.042966,0.04177,0.040639,0.039569,0.038555,0.037592,0.036676,0.035805,0.034974,0.034182,0.033425,0.032701,0.032008,0.031345,0.030708,0.030098,0.029511,0.028947,0.028404,0.027882,0.027379,0.026893,0.026425,0.025973,0.025536,0.025114,0.024706,0.024311,0.023929,0.023558,0.023199,0.022851,0.022513,0.022185,0.021867,0.021558,0.021257
0.3489,0.41856,0.55559,1.0916,0.50679,0.35437,0.27729,0.22938,0.19629,0.1719,0.15311,0.13815,0.12594,0.11577,0.10716,0.099769,0.093356,0.087736,0.082768,0.078343,0.074377,0.0708,0.067558,0.064604,0.061903,0.059422,0.057135,0.055021,0.05306,0.051236,0.049535,0.047945,0.046455,0.045057,0.043741,0.042501,0.041331,0.040223,0.039175,0.03818,0.037236,0.036337,0.035482,0.034666,0.033887,0.033143,0.032432,0.03175,0.031097,0.030471,0.029869,0.029292,0.028736,0.028201,0.027686,0.02719,0.026711,0.026249,0.025803,0.025372,0.024956,0.024553,0.024162,0.023785,0.023419,0.023064,0.02272,0.022386,0.022061,0.021747,0.021441
0.27763,0.31786,0.38158,0.50679,0.99419,0.47084,0.33323,0.26299,0.21895,0.18831,0.16559,0.14798,0.1339,0.12235,0.11269,0.1045,0.097443,0.091305,0.085913,0.081137,0.076875,0.073048,0.069592,0.066454,0.063592,0.060971,0.058561,0.056338,0.05428,0.05237,0.050592,0.048932,0.04738,0.045924,0.044557,0.043269,0.042055,0.040909,0.039824,0.038795,0.03782,0.036892,0.03601,0.03517,0.034368,0.033602,0.032871,0.032171,0.0315,0.030857,0.03024,0.029648,0.029078,0.028531,0.028003,0.027496,0.027006,0.026534,0.026078,0.025638,0.025212,0.024801,0.024403,0.024017,0.023644,0.023282,0.022931,0.022591,0.022261,0.02194,0.021629
0.23115,0.25755,0.29503,0.35437,0.47084,0.92221,0.44287,0.31616,0.25113,0.21012,0.18144,0.16007,0.14345,0.1301,0.11912,0.10991,0.10207,0.095311,0.089416,0.084227,0.079622,0.075507,0.071806,0.068459,0.065416,0.062638,0.060091,0.057747,0.055582,0.053577,0.051714,0.049978,0.048357,0.046839,0.045415,0.044077,0.042816,0.041627,0.040503,0.039438,0.03843,0.037472,0.036561,0.035694,0.034868,0.03408,0.033327,0.032607,0.031917,0.031257,0.030624,0.030016,0.029432,0.028871,0.028331,0.027811,0.02731,0.026827,0.026361,0.025911,0.025476,0.025056,0.024649,0.024256,0.023875,0.023506,0.023149,0.022802,0.022465,0.022139,0.021822
0.19833,0.21706,0.24195,0.27729,0.33323,0.44287,0.86603,0.42028,0.30201,0.24108,0.20251,0.17544,0.1552,0.1394,0.12668,0.11619,0.10737,0.09985,0.093348,0.087668,0.082661,0.07821,0.074228,0.070641,0.067394,0.064438,0.061737,0.059258,0.056975,0.054864,0.052907,0.051088,0.049392,0.047807,0.046322,0.044928,0.043617,0.042381,0.041215,0.040112,0.039067,0.038077,0.037136,0.036241,0.035388,0.034576,0.0338,0.033059,0.032351,0.031672,0.031021,0.030397,0.029798,0.029223,0.028669,0.028137,0.027624,0.027129,0.026652,0.026192,0.025748,0.025318,0.024903,0.024502,0.024113,0.023736,0.023372,0.023018,0.022675,0.022342,0.022019
0.17386,0.18789,0.2057,0.22938,0.26299,0.31616,0.42028,0.8205,0.4015,0.29,0.23241,0.19586,0.17014,0.15085,0.13577,0.12359,0.11352,0.10505,0.097803,0.091532,0.086045,0.081201,0.076891,0.073028,0.069546,0.06639,0.063514,0.060884,0.058468,0.056241,0.05418,0.052269,0.05049,0.048831,0.04728,0.045826,0.04446,0.043174,0.041963,0.040818,0.039735,0.038709,0.037736,0.036811,0.035931,0.035093,0.034293,0.03353,0.0328,0.032102,0.031433,0.030792,0.030177,0.029587,0.029019,0.028473,0.027947,0.027441,0.026953,0.026482,0.026028,0.025589,0.025164,0.024754,0.024357,0.023973,0.023601,0.02324,0.02289,0.022551,0.022222
0.1549,0.16581,0.17923,0.19629,0.21895,0.25113,0.30201,0.4015,0.78256,0.38556,0.27964,0.22484,0.18999,0.16541,0.14694,0.13247,0.12077,0.11108,0.10291,0.09591,0.089846,0.084533,0.079837,0.075653,0.0719,0.068514,0.065441,0.06264,0.060075,0.057717,0.055542,0.053529,0.051659,0.049919,0.048295,0.046775,0.045349,0.04401,0.042749,0.04156,0.040436,0.039372,0.038364,0.037407,0.036497,0.035631,0.034806,0.034019,0.033268,0.032549,0.031861,0.031202,0.03057,0.029963,0.029381,0.028821,0.028282,0.027763,0.027263,0.026781,0.026316,0.025867,0.025433,0.025014,0.024609,0.024216,0.023836,0.023468,0.023111,0.022765,0.02243
0.13974,0.14849,0.15899,0.1719,0.18831,0.21012,0.24108,0.29,0.38556,0.75026,0.37178,0.27058,0.21814,0.18474,0.16115,0.1434,0.12946,0.11818,0.10882,0.10092,0.094152,0.088274,0.083119,0.078558,0.07449,0.070837,0.067539,0.064543,0.06181,0.059306,0.057002,0.054876,0.052906,0.051076,0.049372,0.04778,0.04629,0.044892,0.043578,0.04234,0.041171,0.040067,0.039021,0.03803,0.037089,0.036194,0.035341,0.034529,0.033754,0.033013,0.032305,0.031626,0.030977,0.030353,0.029755,0.02918,0.028627,0.028095,0.027583,0.027089,0.026613,0.026154,0.02571,0.025282,0.024867,0.024466,0.024078,0.023702,0.023338,0.022985,0.022643
0.12735,0.13453,0.14297,0.15311,0.16559,0.18144,0.20251,0.23241,0.27964,0.37178,0.72229,0.35972,0.26256,0.21216,0.18002,0.15729,0.14017,0.12671,0.1158,0.10674,0.099084,0.092513,0.086804,0.081793,0.077355,0.073393,0.069833,0.066616,0.063692,0.061022,0.058574,0.056321,0.05424,0.052311,0.050518,0.048848,0.047286,0.045824,0.044452,0.043161,0.041945,0.040797,0.039711,0.038683,0.037707,0.036781,0.035899,0.03506,0.03426,0.033496,0.032766,0.032068,0.031399,0.030758,0.030143,0.029552,0.028985,0.028439,0.027914,0.027408,0.02692,0.02645,0.025996,0.025557,0.025133,0.024723,0.024327,0.023943,0.023571,0.023211,0.022862
0.11702,0.12301,0.12997,0.13815,0.14798,0.16007,0.17544,0.19586,0.22484,0.27058,0.35972,0.69775,0.34903,0.2554,0.20677,0.17574,0.15377,0.13721,0.12417,0.11359,0.10481,0.097368,0.090981,0.085427,0.080547,0.076221,0.072357,0.068883,0.06574,0.062882,0.060272,0.057876,0.05567,0.053632,0.051741,0.049983,0.048344,0.046812,0.045377,0.044029,0.04276,0.041564,0.040435,0.039367,0.038355,0.037395,0.036483,0.035615,0.034788,0.033999,0.033246,0.032526,0.031837,0.031177,0.030545,0.029938,0.029355,0.028794,0.028255,0.027737,0.027237,0.026755,0.02629,0.025841,0.025407,0.024988,0.024583,0.024191,0.023811,0.023443,0.023087
0.10827,0.11336,0.11918,0.12594,0.1339,0.14345,0.1552,0.17014,0.18999,0.21814,0.26256,0.34903,0.67596,0.33946,0.24894,0.20189,0.17184,0.15055,0.13448,0.12182,0.11155,0.103,0.095765,0.089544,0.084131,0.079372,0.07515,0.071376,0.067981,0.064908,0.062112,0.059556,0.05721,0.055048,0.053049,0.051195,0.04947,0.047861,0.046356,0.044945,0.04362,0.042373,0.041197,0.040086,0.039035,0.038038,0.037092,0.036194,0.035338,0.034523,0.033745,0.033003,0.032293,0.031613,0.030962,0.030337,0.029738,0.029162,0.028609,0.028076,0.027564,0.02707,0.026593,0.026134,0.02569,0.025261,0.024847,0.024446,0.024058,0.023682,0.023318
0.10076,0.10514,0.11009,0.11577,0.12235,0.1301,0.1394,0.15085,0.16541,0.18474,0.21216,0.2554,0.33946,0.65644,0.33083,0.24309,0.19743,0.16826,0.14757,0.13195,0.11964,0.10964,0.10132,0.094261,0.088193,0.08291,0.078262,0.074136,0.070446,0.067124,0.064116,0.061378,0.058873,0.056573,0.054453,0.052491,0.050671,0.048977,0.047396,0.045917,0.04453,0.043227,0.042,0.040842,0.039748,0.038713,0.037731,0.036799,0.035914,0.03507,0.034266,0.033499,0.032767,0.032066,0.031395,0.030752,0.030135,0.029544,0.028975,0.028428,0.027902,0.027395,0.026907,0.026436,0.025981,0.025542,0.025118,0.024708,0.024311,0.023927,0.023555
0.094244,0.09805,0.10232,0.10716,0.11269,0.11912,0.12668,0.13577,0.14694,0.16115,0.18002,0.20677,0.24894,0.33083,0.6388,0.32299,0.23773,0.19334,0.16495,0.14482,0.12961,0.11761,0.10786,0.099734,0.092847,0.08692,0.081756,0.077211,0.073174,0.069562,0.066309,0.063361,0.060677,0.05822,0.055963,0.053882,0.051956,0.050168,0.048503,0.046948,0.045494,0.044129,0.042847,0.041639,0.040499,0.039421,0.038401,0.037434,0.036515,0.035642,0.03481,0.034017,0.03326,0.032537,0.031845,0.031183,0.030548,0.029939,0.029354,0.028792,0.028252,0.027731,0.02723,0.026747,0.026282,0.025832,0.025398,0.024978,0.024572,0.02418,0.0238
0.088534,0.091875,0.095594,0.099769,0.1045,0.10991,0.11619,0.12359,0.13247,0.1434,0.15729,0.17574,0.20189,0.24309,0.32299,0.62275,0.31583,0.23282,0.18957,0.1619,0.14226,0.12742,0.11571,0.10618,0.098246,0.091514,0.085717,0.080664,0.076214,0.07226,0.068721,0.065531,0.06264,0.060006,0.057595,0.055379,0.053334,0.051441,0.049683,0.048046,0.046517,0.045085,0.043742,0.04248,0.04129,0.040167,0.039105,0.038099,0.037146,0.03624,0.035378,0.034557,0.033775,0.033027,0.032313,0.03163,0.030976,0.030349,0.029747,0.029169,0.028614,0.028079,0.027565,0.02707,0.026592,0.026131,0.025686,0.025256,0.024841,0.02444,0.024051
0.083489,0.086446,0.089715,0.093356,0.097443,0.10207,0.10737,0.11352,0.12077,0.12946,0.14017,0.15377,0.17184,0.19743,0.23773,0.31583,0.60806,0.30924,0.22829,0.18607,0.15906,0.13988,0.12537,0.11393,0.10461,0.096844,0.090255,0.084579,0.079628,0.075267,0.071391,0.067919,0.064789,0.061951,0.059364,0.056996,0.054818,0.052808,0.050946,0.049217,0.047606,0.046101,0.044691,0.043369,0.042125,0.040952,0.039845,0.038798,0.037807,0.036866,0.035972,0.035122,0.034311,0.033539,0.032801,0.032096,0.031421,0.030775,0.030155,0.02956,0.028989,0.02844,0.027911,0.027403,0.026912,0.02644,0.025984,0.025544,0.025118,0.024707,0.02431
0.078997,0.081633,0.084531,0.087736,0.091305,0.095311,0.09985,0.10505,0.11108,0.11818,0.12671,0.13721,0.15055,0.16826,0.19334,0.23282,0.30924,0.59454,0.30315,0.22408,0.18283,0.15641,0.13765,0.12345,0.11225,0.10312,0.09552,0.089063,0.083498,0.078644,0.074365,0.070561,0.067153,0.064079,0.061291,0.058749,0.056421,0.054279,0.052302,0.05047,0.048768,0.047181,0.045699,0.044311,0.043007,0.041781,0.040625,0.039534,0.038501,0.037523,0.036594,0.035712,0.034873,0.034073,0.03331,0.032581,0.031884,0.031217,0.030578,0.029966,0.029378,0.028813,0.02827,0.027747,0.027244,0.026759,0.026291,0.02584,0.025404,0.024983,0.024576
0.074972,0.077338,0.079924,0.082768,0.085913,0.089416,0.093348,0.097803,0.10291,0.10882,0.1158,0.12417,0.13448,0.14757,0.16495,0.18957,0.22829,0.30315,0.58205,0.2975,0.22017,0.17979,0.15393,0.13555,0.12165,0.11067,0.10172,0.094266,0.087932,0.082472,0.077707,0.073506,0.069769,0.066421,0.0634,0.060659,0.058159,0.055868,0.053761,0.051814,0.050011,0.048335,0.046772,0.045311,0.043943,0.042658,0.041448,0.040308,0.039232,0.038213,0.037247,0.03633,0.035459,0.03463,0.03384,0.033086,0.032366,0.031678,0.031018,0.030387,0.029781,0.0292,0.028641,0.028104,0.027586,0.027088,0.026609,0.026146,0.025699,0.025268,0.024851
0.071344,0.073479,0.075803,0.078343,0.081137,0.084227,0.087668,0.091532,0.09591,0.10092,0.10674,0.11359,0.12182,0.13195,0.14482,0.1619,0.18607,0.22408,0.2975,0.57044,0.29224,0.21652,0.17695,0.1516,0.13358,0.11994,0.10917,0.1004,0.093076,0.086857,0.081494,0.076813,0.072685,0.069012,0.06572,0.062748,0.060052,0.057592,0.055337,0.053262,0.051345,0.049568,0.047916,0.046376,0.044936,0.043587,0.042319,0.041126,0.040001,0.038938,0.037933,0.036979,0.036074,0.035214,0.034395,0.033614,0.032869,0.032157,0.031476,0.030825,0.0302,0.029601,0.029026,0.028473,0.027941,0.02743,0.026937,0.026462,0.026003,0.025561,0.025134
0.068056,0.069993,0.072092,0.074377,0.076875,0.079622,0.082661,0.086045,0.089846,0.094152,0.099084,0.10481,0.11155,0.11964,0.12961,0.14226,0.15906,0.18283,0.22017,0.29224,0.55963,0.28733,0.2131,0.17429,0.14941,0.13172,0.11834,0.10776,0.099136,0.091945,0.085833,0.080562,0.07596,0.0719,0.068287,0.065047,0.062123,0.059469,0.057046,0.054825,0.052781,0.050892,0.049141,0.047512,0.045993,0.044573,0.043242,0.041991,0.040814,0.039703,0.038654,0.037661,0.036719,0.035825,0.034975,0.034165,0.033394,0.032657,0.031953,0.03128,0.030636,0.030018,0.029425,0.028856,0.028309,0.027783,0.027276,0.026788,0.026318,0.025864,0.025426
0.065063,0.066828,0.068734,0.0708,0.073048,0.075507,0.07821,0.081201,0.084533,0.088274,0.092513,0.097368,0.103,0.10964,0.11761,0.12742,0.13988,0.15641,0.17979,0.21652,0.28733,0.54951,0.28272,0.20988,0.17178,0.14734,0.12997,0.11681,0.10641,0.097939,0.090868,0.084858,0.079673,0.075144,0.071149,0.067592,0.064402,0.061523,0.058908,0.056521,0.054332,0.052317,0.050455,0.048728,0.047121,0.045623,0.044222,0.042908,0.041673,0.040511,0.039414,0.038378,0.037396,0.036466,0.035582,0.034742,0.033942,0.033179,0.032451,0.031755,0.031089,0.030451,0.02984,0.029253,0.02869,0.028149,0.027628,0.027126,0.026643,0.026177,0.025728
0.062326,0.063942,0.065681,0.067558,0.069592,0.071806,0.074228,0.076891,0.079837,0.083119,0.086804,0.090981,0.095765,0.10132,0.10786,0.11571,0.12537,0.13765,0.15393,0.17695,0.2131,0.28272,0.54002,0.27838,0.20685,0.16941,0.14539,0.1283,0.11536,0.10514,0.096799,0.089841,0.083926,0.078822,0.074363,0.070429,0.066925,0.063783,0.060945,0.058368,0.056015,0.053857,0.051869,0.050032,0.048329,0.046743,0.045264,0.043881,0.042584,0.041365,0.040216,0.039133,0.038109,0.037139,0.03622,0.035346,0.034516,0.033724,0.03297,0.032249,0.031561,0.030902,0.030271,0.029666,0.029086,0.028528,0.027992,0.027476,0.026979,0.026501,0.02604
0.059813,0.061298,0.062891,0.064604,0.066454,0.068459,0.070641,0.073028,0.075653,0.078558,0.081793,0.085427,0.089544,0.094261,0.099734,0.10618,0.11393,0.12345,0.13555,0.1516,0.17429,0.20988,0.27838,0.53109,0.27429,0.20399,0.16716,0.14353,0.12672,0.11399,0.10392,0.095712,0.08886,0.083034,0.078007,0.073614,0.069737,0.066285,0.063187,0.060389,0.057847,0.055526,0.053398,0.051437,0.049624,0.047942,0.046377,0.044917,0.043551,0.042269,0.041065,0.039931,0.03886,0.037848,0.036889,0.03598,0.035116,0.034295,0.033512,0.032766,0.032053,0.031372,0.03072,0.030095,0.029496,0.028922,0.028369,0.027838,0.027328,0.026836,0.026362
0.057498,0.058868,0.060332,0.061903,0.063592,0.065416,0.067394,0.069546,0.0719,0.07449,0.077355,0.080547,0.084131,0.088193,0.092847,0.098246,0.10461,0.11225,0.12165,0.13358,0.14941,0.17178,0.20685,0.27429,0.52267,0.27043,0.20128,0.16504,0.14177,0.12522,0.11268,0.10276,0.094673,0.087922,0.082181,0.077226,0.072896,0.069073,0.065668,0.062613,0.059853,0.057345,0.055055,0.052954,0.051019,0.049229,0.047568,0.046023,0.04458,0.04323,0.041964,0.040774,0.039653,0.038594,0.037594,0.036646,0.035747,0.034892,0.03408,0.033305,0.032567,0.031861,0.031187,0.030542,0.029923,0.02933,0.028761,0.028214,0.027688,0.027182,0.026695
0.055358,0.056626,0.057977,0.059422,0.060971,0.062638,0.064438,0.06639,0.068514,0.070837,0.073393,0.076221,0.079372,0.08291,0.08692,0.091514,0.096844,0.10312,0.11067,0.11994,0.13172,0.14734,0.16941,0.20399,0.27043,0.5147,0.26677,0.19871,0.16302,0.1401,0.12379,0.11143,0.10165,0.09368,0.087024,0.081363,0.076476,0.072205,0.068434,0.065075,0.06206,0.059336,0.056861,0.0546,0.052525,0.050614,0.048846,0.047206,0.045679,0.044253,0.042919,0.041668,0.040491,0.039383,0.038336,0.037346,0.036409,0.035519,0.034674,0.03387,0.033104,0.032373,0.031674,0.031007,0.030368,0.029755,0.029168,0.028604,0.028063,0.027542,0.02704
0.053374,0.05455,0.055801,0.057135,0.058561,0.060091,0.061737,0.063514,0.065441,0.067539,0.069833,0.072357,0.07515,0.078262,0.081756,0.085717,0.090255,0.09552,0.10172,0.10917,0.11834,0.12997,0.14539,0.16716,0.20128,0.26677,0.50715,0.2633,0.19627,0.1611,0.1385,0.12242,0.11023,0.10059,0.092729,0.086163,0.080577,0.075755,0.071541,0.067819,0.064503,0.061526,0.058837,0.056393,0.05416,0.05211,0.050222,0.048475,0.046854,0.045345,0.043936,0.042617,0.04138,0.040216,0.03912,0.038085,0.037106,0.036178,0.035298,0.034461,0.033665,0.032907,0.032183,0.031492,0.03083,0.030198,0.029591,0.029009,0.028451,0.027914,0.027398
0.05153,0.052624,0.053785,0.055021,0.056338,0.057747,0.059258,0.060884,0.06264,0.064543,0.066616,0.068883,0.071376,0.074136,0.077211,0.080664,0.084579,0.089063,0.094266,0.1004,0.10776,0.11681,0.1283,0.14353,0.16504,0.19871,0.2633,0.49999,0.25999,0.19394,0.15926,0.13698,0.12112,0.10909,0.099577,0.091816,0.085336,0.079822,0.075062,0.070901,0.067226,0.063951,0.061011,0.058355,0.05594,0.053734,0.051709,0.049842,0.048116,0.046513,0.045021,0.043628,0.042324,0.0411,0.039949,0.038864,0.03784,0.036871,0.035953,0.035082,0.034254,0.033465,0.032714,0.031998,0.031313,0.030658,0.030031,0.02943,0.028854,0.028301,0.027769
0.04981,0.050831,0.051912,0.05306,0.05428,0.055582,0.056975,0.058468,0.060075,0.06181,0.063692,0.06574,0.067981,0.070446,0.073174,0.076214,0.079628,0.083498,0.087932,0.093076,0.099136,0.10641,0.11536,0.12672,0.14177,0.16302,0.19627,0.25999,0.49317,0.25685,0.19172,0.15751,0.13552,0.11987,0.10799,0.098603,0.090941,0.084541,0.079096,0.074395,0.070284,0.066654,0.063419,0.060514,0.057889,0.055502,0.053321,0.051319,0.049474,0.047767,0.046182,0.044707,0.043329,0.042038,0.040828,0.039689,0.038615,0.037601,0.036642,0.035733,0.034871,0.034051,0.03327,0.032527,0.031817,0.031138,0.03049,0.029869,0.029273,0.028702,0.028154
0.048203,0.049158,0.050167,0.051236,0.05237,0.053577,0.054864,0.056241,0.057717,0.059306,0.061022,0.062882,0.064908,0.067124,0.069562,0.07226,0.075267,0.078644,0.082472,0.086857,0.091945,0.097939,0.10514,0.11399,0.12522,0.1401,0.1611,0.19394,0.25685,0.48667,0.25384,0.1896,0.15584,0.13413,0.11867,0.10694,0.097667,0.090099,0.083776,0.078397,0.073751,0.06969,0.066102,0.062904,0.060033,0.057437,0.055078,0.052922,0.050942,0.049117,0.047429,0.045861,0.044401,0.043037,0.041761,0.040562,0.039435,0.038372,0.037369,0.036419,0.035519,0.034665,0.033853,0.03308,0.032343,0.03164,0.030968,0.030325,0.02971,0.029119,0.028553
0.046698,0.047593,0.048537,0.049535,0.050592,0.051714,0.052907,0.05418,0.055542,0.057002,0.058574,0.060272,0.062112,0.064116,0.066309,0.068721,0.071391,0.074365,0.077707,0.081494,0.085833,0.090868,0.096799,0.10392,0.11268,0.12379,0.1385,0.15926,0.19172,0.25384,0.48047,0.25097,0.18758,0.15424,0.1328,0.11752,0.10593,0.096768,0.089288,0.08304,0.077723,0.073131,0.069115,0.065568,0.062406,0.059567,0.057001,0.054667,0.052534,0.050576,0.04877,0.0471,0.045548,0.044104,0.042754,0.04149,0.040304,0.039188,0.038136,0.037142,0.036202,0.03531,0.034464,0.03366,0.032894,0.032164,0.031467,0.030801,0.030164,0.029554,0.028969
0.045285,0.046126,0.047011,0.047945,0.048932,0.049978,0.051088,0.052269,0.053529,0.054876,0.056321,0.057876,0.059556,0.061378,0.063361,0.065531,0.067919,0.070561,0.073506,0.076813,0.080562,0.084858,0.089841,0.095712,0.10276,0.11143,0.12242,0.13698,0.15751,0.1896,0.25097,0.47455,0.24822,0.18563,0.1527,0.13151,0.11642,0.10496,0.095903,0.088508,0.08233,0.077073,0.072531,0.06856,0.065052,0.061925,0.059116,0.056577,0.054268,0.052158,0.05022,0.048434,0.04678,0.045245,0.043814,0.042478,0.041227,0.040052,0.038947,0.037905,0.036921,0.035989,0.035106,0.034268,0.033471,0.032712,0.031988,0.031298,0.030638,0.030006,0.029401
0.043957,0.044748,0.045579,0.046455,0.04738,0.048357,0.049392,0.05049,0.051659,0.052906,0.05424,0.05567,0.05721,0.058873,0.060677,0.06264,0.064789,0.067153,0.069769,0.072685,0.07596,0.079673,0.083926,0.08886,0.094673,0.10165,0.11023,0.12112,0.13552,0.15584,0.18758,0.24822,0.46887,0.24559,0.18377,0.15123,0.13028,0.11535,0.10403,0.09507,0.087756,0.081645,0.076445,0.071952,0.068024,0.064553,0.061459,0.058679,0.056167,0.053882,0.051793,0.049875,0.048106,0.046469,0.044949,0.043533,0.04221,0.040971,0.039807,0.038712,0.03768,0.036705,0.035782,0.034907,0.034076,0.033286,0.032534,0.031817,0.031132,0.030478,0.029852
0.042705,0.04345,0.044233,0.045057,0.045924,0.046839,0.047807,0.048831,0.049919,0.051076,0.052311,0.053632,0.055048,0.056573,0.05822,0.060006,0.061951,0.064079,0.066421,0.069012,0.0719,0.075144,0.078822,0.083034,0.087922,0.09368,0.10059,0.10909,0.11987,0.13413,0.15424,0.18563,0.24559,0.46343,0.24306,0.18198,0.14981,0.1291,0.11433,0.10313,0.094266,0.08703,0.080983,0.075838,0.071392,0.067504,0.064069,0.061007,0.058256,0.055769,0.053507,0.051439,0.049539,0.047788,0.046167,0.044661,0.043259,0.041948,0.040721,0.039568,0.038483,0.037461,0.036494,0.03558,0.034712,0.033889,0.033106,0.03236,0.031649,0.03097,0.030321
0.041523,0.042227,0.042966,0.043741,0.044557,0.045415,0.046322,0.04728,0.048295,0.049372,0.050518,0.051741,0.053049,0.054453,0.055963,0.057595,0.059364,0.061291,0.0634,0.06572,0.068287,0.071149,0.074363,0.078007,0.082181,0.087024,0.092729,0.099577,0.10799,0.11867,0.1328,0.1527,0.18377,0.24306,0.45821,0.24063,0.18026,0.14844,0.12795,0.11335,0.10226,0.09349,0.086328,0.080344,0.075251,0.07085,0.067001,0.0636,0.060568,0.057845,0.055382,0.053142,0.051094,0.049213,0.047478,0.045873,0.044381,0.042992,0.041693,0.040477,0.039335,0.03826,0.037246,0.036288,0.035382,0.034522,0.033706,0.032929,0.03219,0.031485,0.030812
0.040406,0.041072,0.04177,0.042501,0.043269,0.044077,0.044928,0.045826,0.046775,0.04778,0.048848,0.049983,0.051195,0.052491,0.053882,0.055379,0.056996,0.058749,0.060659,0.062748,0.065047,0.067592,0.070429,0.073614,0.077226,0.081363,0.086163,0.091816,0.098603,0.10694,0.11752,0.13151,0.15123,0.18198,0.24063,0.45319,0.23829,0.1786,0.14713,0.12685,0.1124,0.10143,0.092741,0.085651,0.079726,0.074682,0.070325,0.066514,0.063146,0.060143,0.057446,0.055006,0.052788,0.050759,0.048896,0.047177,0.045586,0.044108,0.042731,0.041445,0.040239,0.039107,0.038042,0.037037,0.036087,0.035188,0.034336,0.033527,0.032757,0.032024,0.031324
0.039348,0.039979,0.040639,0.041331,0.042055,0.042816,0.043617,0.04446,0.045349,0.04629,0.047286,0.048344,0.04947,0.050671,0.051956,0.053334,0.054818,0.056421,0.058159,0.060052,0.062123,0.064402,0.066925,0.069737,0.072896,0.076476,0.080577,0.085336,0.090941,0.097667,0.10593,0.11642,0.13028,0.14981,0.18026,0.23829,0.44836,0.23604,0.177,0.14586,0.12579,0.11148,0.10062,0.092016,0.084995,0.079127,0.074132,0.069816,0.066041,0.062705,0.05973,0.057058,0.054641,0.052443,0.050433,0.048587,0.046884,0.045307,0.043842,0.042477,0.041202,0.040007,0.038885,0.037829,0.036832,0.035891,0.034999,0.034154,0.033351,0.032588,0.031861
0.038345,0.038944,0.039569,0.040223,0.040909,0.041627,0.042381,0.043174,0.04401,0.044892,0.045824,0.046812,0.047861,0.048977,0.050168,0.051441,0.052808,0.054279,0.055868,0.057592,0.059469,0.061523,0.063783,0.066285,0.069073,0.072205,0.075755,0.079822,0.084541,0.090099,0.096768,0.10496,0.11535,0.1291,0.14844,0.1786,0.23604,0.44371,0.23387,0.17546,0.14464,0.12477,0.11059,0.099835,0.091316,0.08436,0.078547,0.073598,0.069323,0.065582,0.062277,0.059329,0.056681,0.054286,0.052108,0.050116,0.048286,0.046598,0.045035,0.043583,0.04223,0.040965,0.03978,0.038668,0.03762,0.036632,0.035699,0.034815,0.033976,0.03318,0.032422
0.037392,0.037961,0.038555,0.039175,0.039824,0.040503,0.041215,0.041963,0.042749,0.043578,0.044452,0.045377,0.046356,0.047396,0.048503,0.049683,0.050946,0.052302,0.053761,0.055337,0.057046,0.058908,0.060945,0.063187,0.065668,0.068434,0.071541,0.075062,0.079096,0.083776,0.089288,0.095903,0.10403,0.11433,0.12795,0.14713,0.177,0.23387,0.43923,0.23177,0.17398,0.14346,0.12378,0.10974,0.099077,0.090637,0.083745,0.077985,0.073081,0.068844,0.065137,0.061861,0.058939,0.056315,0.053941,0.051781,0.049806,0.047992,0.046319,0.044769,0.04333,0.041988,0.040734,0.039559,0.038456,0.037417,0.036437,0.035511,0.034634,0.033802,0.033012
0.036486,0.037027,0.037592,0.03818,0.038795,0.039438,0.040112,0.040818,0.04156,0.04234,0.043161,0.044029,0.044945,0.045917,0.046948,0.048046,0.049217,0.05047,0.051814,0.053262,0.054825,0.056521,0.058368,0.060389,0.062613,0.065075,0.067819,0.070901,0.074395,0.078397,0.08304,0.088508,0.09507,0.10313,0.11335,0.12685,0.14586,0.17546,0.23177,0.4349,0.22975,0.17254,0.14231,0.12282,0.10891,0.098344,0.089979,0.083149,0.07744,0.072579,0.068379,0.064704,0.061456,0.05856,0.055958,0.053605,0.051463,0.049505,0.047706,0.046047,0.04451,0.043083,0.041752,0.040508,0.039343,0.038248,0.037218,0.036246,0.035327,0.034457,0.033631
0.035623,0.036139,0.036676,0.037236,0.03782,0.03843,0.039067,0.039735,0.040436,0.041171,0.041945,0.04276,0.04362,0.04453,0.045494,0.046517,0.047606,0.048768,0.050011,0.051345,0.052781,0.054332,0.056015,0.057847,0.059853,0.06206,0.064503,0.067226,0.070284,0.073751,0.077723,0.08233,0.087756,0.094266,0.10226,0.1124,0.12579,0.14464,0.17398,0.22975,0.43072,0.22779,0.17115,0.14121,0.12189,0.1081,0.097634,0.089342,0.08257,0.07691,0.072091,0.067927,0.064283,0.061063,0.058191,0.055611,0.053277,0.051154,0.049212,0.047428,0.045782,0.044257,0.042841,0.041521,0.040288,0.039132,0.038046,0.037023,0.036058,0.035147,0.034283
0.034801,0.035293,0.035805,0.036337,0.036892,0.037472,0.038077,0.038709,0.039372,0.040067,0.040797,0.041564,0.042373,0.043227,0.044129,0.045085,0.046101,0.047181,0.048335,0.049568,0.050892,0.052317,0.053857,0.055526,0.057345,0.059336,0.061526,0.063951,0.066654,0.06969,0.073131,0.077073,0.081645,0.08703,0.09349,0.10143,0.11148,0.12477,0.14346,0.17254,0.22779,0.42668,0.2259,0.1698,0.14014,0.12099,0.10732,0.096945,0.088723,0.082009,0.076396,0.071617,0.067487,0.063874,0.06068,0.057832,0.055273,0.052958,0.050852,0.048925,0.047156,0.045523,0.044011,0.042606,0.041296,0.040072,0.038925,0.037847,0.036833,0.035875,0.034971
0.034016,0.034486,0.034974,0.035482,0.03601,0.036561,0.037136,0.037736,0.038364,0.039021,0.039711,0.040435,0.041197,0.042,0.042847,0.043742,0.044691,0.045699,0.046772,0.047916,0.049141,0.050455,0.051869,0.053398,0.055055,0.056861,0.058837,0.061011,0.063419,0.066102,0.069115,0.072531,0.076445,0.080983,0.086328,0.092741,0.10062,0.11059,0.12378,0.14231,0.17115,0.2259,0.42278,0.22406,0.1685,0.1391,0.12012,0.10657,0.096276,0.088123,0.081463,0.075897,0.071156,0.06706,0.063476,0.060308,0.057482,0.054943,0.052647,0.050557,0.048646,0.04689,0.04527,0.04377,0.042376,0.041076,0.039861,0.038723,0.037653,0.036646,0.035696
0.033267,0.033716,0.034182,0.034666,0.03517,0.035694,0.036241,0.036811,0.037407,0.03803,0.038683,0.039367,0.040086,0.040842,0.041639,0.04248,0.043369,0.044311,0.045311,0.046376,0.047512,0.048728,0.050032,0.051437,0.052954,0.0546,0.056393,0.058355,0.060514,0.062904,0.065568,0.06856,0.071952,0.075838,0.080344,0.085651,0.092016,0.099835,0.10974,0.12282,0.14121,0.1698,0.22406,0.41899,0.22229,0.16723,0.13809,0.11927,0.10584,0.095627,0.087539,0.080933,0.075411,0.070708,0.066644,0.063088,0.059945,0.057141,0.054622,0.052343,0.05027,0.048373,0.046631,0.045023,0.043534,0.042151,0.040861,0.039655,0.038525,0.037463,0.036464
0.03255,0.032979,0.033425,0.033887,0.034368,0.034868,0.035388,0.035931,0.036497,0.037089,0.037707,0.038355,0.039035,0.039748,0.040499,0.04129,0.042125,0.043007,0.043943,0.044936,0.045993,0.047121,0.048329,0.049624,0.051019,0.052525,0.05416,0.05594,0.057889,0.060033,0.062406,0.065052,0.068024,0.071392,0.075251,0.079726,0.084995,0.091316,0.099077,0.10891,0.12189,0.14014,0.1685,0.22229,0.41533,0.22057,0.16601,0.13712,0.11845,0.10512,0.094996,0.086972,0.080418,0.074938,0.070272,0.066239,0.06271,0.059591,0.056809,0.054309,0.052047,0.049989,0.048107,0.046378,0.044782,0.043304,0.041931,0.04065,0.039453,0.038332,0.037278
0.031863,0.032275,0.032701,0.033143,0.033602,0.03408,0.034576,0.035093,0.035631,0.036194,0.036781,0.037395,0.038038,0.038713,0.039421,0.040167,0.040952,0.041781,0.042658,0.043587,0.044573,0.045623,0.046743,0.047942,0.049229,0.050614,0.05211,0.053734,0.055502,0.057437,0.059567,0.061925,0.064553,0.067504,0.07085,0.074682,0.079127,0.08436,0.090637,0.098344,0.1081,0.12099,0.1391,0.16723,0.22057,0.41177,0.21889,0.16482,0.13617,0.11766,0.10443,0.094382,0.08642,0.079916,0.074478,0.069847,0.065845,0.062342,0.059246,0.056485,0.054003,0.051758,0.049716,0.047847,0.04613,0.044546,0.043079,0.041715,0.040444,0.039256,0.038142
0.031206,0.0316,0.032008,0.032432,0.032871,0.033327,0.0338,0.034293,0.034806,0.035341,0.035899,0.036483,0.037092,0.037731,0.038401,0.039105,0.039845,0.040625,0.041448,0.042319,0.043242,0.044222,0.045264,0.046377,0.047568,0.048846,0.050222,0.051709,0.053321,0.055078,0.057001,0.059116,0.061459,0.064069,0.067001,0.070325,0.074132,0.078547,0.083745,0.089979,0.097634,0.10732,0.12012,0.13809,0.16601,0.21889,0.40833,0.21727,0.16366,0.13524,0.11688,0.10376,0.093786,0.085884,0.079428,0.07403,0.069433,0.06546,0.061983,0.05891,0.056169,0.053705,0.051476,0.049448,0.047593,0.045888,0.044316,0.042859,0.041505,0.040243,0.039063
0.030575,0.030953,0.031345,0.03175,0.032171,0.032607,0.033059,0.03353,0.034019,0.034529,0.03506,0.035615,0.036194,0.036799,0.037434,0.038099,0.038798,0.039534,0.040308,0.041126,0.041991,0.042908,0.043881,0.044917,0.046023,0.047206,0.048475,0.049842,0.051319,0.052922,0.054667,0.056577,0.058679,0.061007,0.0636,0.066514,0.069816,0.073598,0.077985,0.083149,0.089342,0.096945,0.10657,0.11927,0.13712,0.16482,0.21727,0.40498,0.21569,0.16254,0.13435,0.11613,0.1031,0.093205,0.085361,0.078952,0.073594,0.06903,0.065085,0.061633,0.058582,0.05586,0.053414,0.051201,0.049187,0.047345,0.045652,0.04409,0.042643,0.041299,0.040045
0.029969,0.030333,0.030708,0.031097,0.0315,0.031917,0.032351,0.0328,0.033268,0.033754,0.03426,0.034788,0.035338,0.035914,0.036515,0.037146,0.037807,0.038501,0.039232,0.040001,0.040814,0.041673,0.042584,0.043551,0.04458,0.045679,0.046854,0.048116,0.049474,0.050942,0.052534,0.054268,0.056167,0.058256,0.060568,0.063146,0.066041,0.069323,0.073081,0.07744,0.08257,0.088723,0.096276,0.10584,0.11845,0.13617,0.16366,0.21569,0.40173,0.21416,0.16144,0.13348,0.11539,0.10247,0.09264,0.084852,0.078489,0.073168,0.068636,0.064719,0.061292,0.058261,0.055558,0.053129,0.050931,0.048931,0.047102,0.045421,0.043869,0.042433,0.041097
0.029388,0.029737,0.030098,0.030471,0.030857,0.031257,0.031672,0.032102,0.032549,0.033013,0.033496,0.033999,0.034523,0.03507,0.035642,0.03624,0.036866,0.037523,0.038213,0.038938,0.039703,0.040511,0.041365,0.042269,0.04323,0.044253,0.045345,0.046513,0.047767,0.049117,0.050576,0.052158,0.053882,0.055769,0.057845,0.060143,0.062705,0.065582,0.068844,0.072579,0.07691,0.082009,0.088123,0.095627,0.10512,0.11766,0.13524,0.16254,0.21416,0.39856,0.21267,0.16038,0.13263,0.11468,0.10184,0.092089,0.084356,0.078037,0.072753,0.068253,0.064362,0.060958,0.057948,0.055264,0.052851,0.050668,0.048681,0.046864,0.045194,0.043653,0.042226
0.028828,0.029164,0.029511,0.029869,0.03024,0.030624,0.031021,0.031433,0.031861,0.032305,0.032766,0.033246,0.033745,0.034266,0.03481,0.035378,0.035972,0.036594,0.037247,0.037933,0.038654,0.039414,0.040216,0.041065,0.041964,0.042919,0.043936,0.045021,0.046182,0.047429,0.04877,0.05022,0.051793,0.053507,0.055382,0.057446,0.05973,0.062277,0.065137,0.068379,0.072091,0.076396,0.081463,0.087539,0.094996,0.10443,0.11688,0.13435,0.16144,0.21267,0.39549,0.21122,0.15935,0.1318,0.11398,0.10124,0.091552,0.083872,0.077596,0.072348,0.067878,0.064014,0.060632,0.057643,0.054976,0.052579,0.05041,0.048437,0.046632,0.044973,0.043442
0.02829,0.028613,0.028947,0.029292,0.029648,0.030016,0.030397,0.030792,0.031202,0.031626,0.032068,0.032526,0.033003,0.033499,0.034017,0.034557,0.035122,0.035712,0.03633,0.036979,0.037661,0.038378,0.039133,0.039931,0.040774,0.041668,0.042617,0.043628,0.044707,0.045861,0.0471,0.048434,0.049875,0.051439,0.053142,0.055006,0.057058,0.059329,0.061861,0.064704,0.067927,0.071617,0.075897,0.080933,0.086972,0.094382,0.10376,0.11613,0.13348,0.16038,0.21122,0.3925,0.2098,0.15834,0.131,0.1133,0.10065,0.091028,0.0834,0.077166,0.071953,0.067512,0.063673,0.060314,0.057344,0.054694,0.052313,0.050159,0.048198,0.046404,0.044756
0.027772,0.028083,0.028404,0.028736,0.029078,0.029432,0.029798,0.030177,0.03057,0.030977,0.031399,0.031837,0.032293,0.032767,0.03326,0.033775,0.034311,0.034873,0.035459,0.036074,0.036719,0.037396,0.038109,0.03886,0.039653,0.040491,0.04138,0.042324,0.043329,0.044401,0.045548,0.04678,0.048106,0.049539,0.051094,0.052788,0.054641,0.056681,0.058939,0.061456,0.064283,0.067487,0.071156,0.075411,0.080418,0.08642,0.093786,0.1031,0.11539,0.13263,0.15935,0.2098,0.38958,0.20843,0.15735,0.13021,0.11264,0.10007,0.090517,0.082939,0.076747,0.071567,0.067155,0.063341,0.060003,0.057052,0.054419,0.052053,0.049912,0.047964,0.046182
0.027272,0.027573,0.027882,0.028201,0.028531,0.028871,0.029223,0.029587,0.029963,0.030353,0.030758,0.031177,0.031613,0.032066,0.032537,0.033027,0.033539,0.034073,0.03463,0.035214,0.035825,0.036466,0.037139,0.037848,0.038594,0.039383,0.040216,0.0411,0.042038,0.043037,0.044104,0.045245,0.046469,0.047788,0.049213,0.050759,0.052443,0.054286,0.056315,0.05856,0.061063,0.063874,0.06706,0.070708,0.074938,0.079916,0.085884,0.093205,0.10247,0.11468,0.1318,0.15834,0.20843,0.38674,0.20708,0.15639,0.12945,0.112,0.099513,0.090018,0.08249,0.076337,0.07119,0.066806,0.063016,0.059699,0.056766,0.05415,0.051798,0.049671,0.047735
0.026791,0.02708,0.027379,0.027686,0.028003,0.028331,0.028669,0.029019,0.029381,0.029755,0.030143,0.030545,0.030962,0.031395,0.031845,0.032313,0.032801,0.03331,0.03384,0.034395,0.034975,0.035582,0.03622,0.036889,0.037594,0.038336,0.03912,0.039949,0.040828,0.041761,0.042754,0.043814,0.044949,0.046167,0.047478,0.048896,0.050433,0.052108,0.053941,0.055958,0.058191,0.06068,0.063476,0.066644,0.070272,0.074478,0.079428,0.085361,0.09264,0.10184,0.11398,0.131,0.15735,0.20708,0.38398,0.20577,0.15546,0.1287,0.11137,0.098965,0.089532,0.082051,0.075936,0.070821,0.066465,0.062698,0.059401,0.056486,0.053886,0.051549,0.049435
0.026326,0.026606,0.026893,0.02719,0.027496,0.027811,0.028137,0.028473,0.028821,0.02918,0.029552,0.029938,0.030337,0.030752,0.031183,0.03163,0.032096,0.032581,0.033086,0.033614,0.034165,0.034742,0.035346,0.03598,0.036646,0.037346,0.038085,0.038864,0.039689,0.040562,0.04149,0.042478,0.043533,0.044661,0.045873,0.047177,0.048587,0.050116,0.051781,0.053605,0.055611,0.057832,0.060308,0.063088,0.066239,0.069847,0.07403,0.078952,0.084852,0.092089,0.10124,0.1133,0.13021,0.15639,0.20577,0.38128,0.20449,0.15455,0.12797,0.11075,0.09843,0.089056,0.081622,0.075545,0.070461,0.066131,0.062387,0.05911,0.056213,0.053628,0.051305
0.025877,0.026147,0.026425,0.026711,0.027006,0.02731,0.027624,0.027947,0.028282,0.028627,0.028985,0.029355,0.029738,0.030135,0.030548,0.030976,0.031421,0.031884,0.032366,0.032869,0.033394,0.033942,0.034516,0.035116,0.035747,0.036409,0.037106,0.03784,0.038615,0.039435,0.040304,0.041227,0.04221,0.043259,0.044381,0.045586,0.046884,0.048286,0.049806,0.051463,0.053277,0.055273,0.057482,0.059945,0.06271,0.065845,0.069433,0.073594,0.078489,0.084356,0.091552,0.10065,0.11264,0.12945,0.15546,0.20449,0.37865,0.20325,0.15365,0.12726,0.11015,0.097907,0.088591,0.081202,0.075162,0.070109,0.065804,0.062083,0.058825,0.055945,0.053376
0.025444,0.025705,0.025973,0.026249,0.026534,0.026827,0.027129,0.027441,0.027763,0.028095,0.028439,0.028794,0.029162,0.029544,0.029939,0.030349,0.030775,0.031217,0.031678,0.032157,0.032657,0.033179,0.033724,0.034295,0.034892,0.035519,0.036178,0.036871,0.037601,0.038372,0.039188,0.040052,0.040971,0.041948,0.042992,0.044108,0.045307,0.046598,0.047992,0.049505,0.051154,0.052958,0.054943,0.057141,0.059591,0.062342,0.06546,0.06903,0.073168,0.078037,0.083872,0.091028,0.10007,0.112,0.1287,0.15455,0.20325,0.37608,0.20203,0.15278,0.12656,0.10956,0.097396,0.088137,0.080792,0.074788,0.069764,0.065485,0.061785,0.058546,0.055683
0.025025,0.025277,0.025536,0.025803,0.026078,0.026361,0.026652,0.026953,0.027263,0.027583,0.027914,0.028255,0.028609,0.028975,0.029354,0.029747,0.030155,0.030578,0.031018,0.031476,0.031953,0.032451,0.03297,0.033512,0.03408,0.034674,0.035298,0.035953,0.036642,0.037369,0.038136,0.038947,0.039807,0.040721,0.041693,0.042731,0.043842,0.045035,0.046319,0.047706,0.049212,0.050852,0.052647,0.054622,0.056809,0.059246,0.061983,0.065085,0.068636,0.072753,0.077596,0.0834,0.090517,0.099513,0.11137,0.12797,0.15365,0.20203,0.37357,0.20084,0.15193,0.12588,0.10899,0.096896,0.087692,0.080391,0.074421,0.069427,0.065172,0.061493,0.058273
0.024619,0.024863,0.025114,0.025372,0.025638,0.025911,0.026192,0.026482,0.026781,0.027089,0.027408,0.027737,0.028076,0.028428,0.028792,0.029169,0.02956,0.029966,0.030387,0.030825,0.03128,0.031755,0.032249,0.032766,0.033305,0.03387,0.034461,0.035082,0.035733,0.036419,0.037142,0.037905,0.038712,0.039568,0.040477,0.041445,0.042477,0.043583,0.044769,0.046047,0.047428,0.048925,0.050557,0.052343,0.054309,0.056485,0.05891,0.061633,0.064719,0.068253,0.072348,0.077166,0.082939,0.090018,0.098965,0.11075,0.12726,0.15278,0.20084,0.37112,0.19967,0.1511,0.12521,0.10843,0.096408,0.087258,0.079998,0.074063,0.069097,0.064866,0.061208
0.024227,0.024463,0.024706,0.024956,0.025212,0.025476,0.025748,0.026028,0.026316,0.026613,0.02692,0.027237,0.027564,0.027902,0.028252,0.028614,0.028989,0.029378,0.029781,0.0302,0.030636,0.031089,0.031561,0.032053,0.032567,0.033104,0.033665,0.034254,0.034871,0.035519,0.036202,0.036921,0.03768,0.038483,0.039335,0.040239,0.041202,0.04223,0.04333,0.04451,0.045782,0.047156,0.048646,0.05027,0.052047,0.054003,0.056169,0.058582,0.061292,0.064362,0.067878,0.071953,0.076747,0.08249,0.089532,0.09843,0.11015,0.12656,0.15193,0.19967,0.36873,0.19854,0.15029,0.12456,0.10788,0.095929,0.086832,0.079614,0.073712,0.068774,0.064566
0.023847,0.024076,0.024311,0.024553,0.024801,0.025056,0.025318,0.025589,0.025867,0.026154,0.02645,0.026755,0.02707,0.027395,0.027731,0.028079,0.02844,0.028813,0.0292,0.029601,0.030018,0.030451,0.030902,0.031372,0.031861,0.032373,0.032907,0.033465,0.034051,0.034665,0.03531,0.035989,0.036705,0.037461,0.03826,0.039107,0.040007,0.040965,0.041988,0.043083,0.044257,0.045523,0.04689,0.048373,0.049989,0.051758,0.053705,0.05586,0.058261,0.060958,0.064014,0.067512,0.071567,0.076337,0.082051,0.089056,0.097907,0.10956,0.12588,0.1511,0.19854,0.36639,0.19742,0.14949,0.12393,0.10734,0.095461,0.086415,0.079238,0.073368,0.068457
0.023479,0.023701,0.023929,0.024162,0.024403,0.024649,0.024903,0.025164,0.025433,0.02571,0.025996,0.02629,0.026593,0.026907,0.02723,0.027565,0.027911,0.02827,0.028641,0.029026,0.029425,0.02984,0.030271,0.03072,0.031187,0.031674,0.032183,0.032714,0.03327,0.033853,0.034464,0.035106,0.035782,0.036494,0.037246,0.038042,0.038885,0.03978,0.040734,0.041752,0.042841,0.044011,0.04527,0.046631,0.048107,0.049716,0.051476,0.053414,0.055558,0.057948,0.060632,0.063673,0.067155,0.07119,0.075936,0.081622,0.088591,0.097396,0.10899,0.12521,0.15029,0.19742,0.3641,0.19633,0.14871,0.1233,0.10682,0.095003,0.086008,0.078869,0.073032
0.023123,0.023338,0.023558,0.023785,0.024017,0.024256,0.024502,0.024754,0.025014,0.025282,0.025557,0.025841,0.026134,0.026436,0.026747,0.02707,0.027403,0.027747,0.028104,0.028473,0.028856,0.029253,0.029666,0.030095,0.030542,0.031007,0.031492,0.031998,0.032527,0.03308,0.03366,0.034268,0.034907,0.03558,0.036288,0.037037,0.037829,0.038668,0.039559,0.040508,0.041521,0.042606,0.04377,0.045023,0.046378,0.047847,0.049448,0.051201,0.053129,0.055264,0.057643,0.060314,0.063341,0.066806,0.070821,0.075545,0.081202,0.088137,0.096896,0.10843,0.12456,0.14949,0.19633,0.36186,0.19527,0.14795,0.12269,0.1063,0.094554,0.085608,0.078508
