1.8598,0.65483,0.40803,0.29891,0.23679,0.19649,0.16815,0.14709,0.13081,0.11783,0.10724,0.098425,0.090971,0.084583,0.079046,0.0742,0.069923,0.066118,0.062712,0.059644,0.056866,0.054338,0.052029,0.04991,0.047959,0.046157,0.044487,0.042935,0.041489,0.040138,0.038873,0.037686,0.036571,0.03552,0.034529,0.033592,0.032705,0.031864,0.031066,0.030307,0.029585,0.028896,0.02824,0.027612,0.027013,0.026439,0.025889,0.025362,0.024856,0.02437,0.023902,0.023453,0.02302,0.022603,0.022201,0.021813,0.021439,0.021077,0.020728,0.02039,0.020063,0.019746,0.019439,0.019142,0.018854,0.018574,0.018303,0.018039,0.017783,0.017534,0.017292
0.65483,1.3289,0.54757,0.36111,0.27243,0.21974,0.18457,0.15934,0.14031,0.12542,0.11345,0.10361,0.095359,0.08835,0.082317,0.077067,0.072457,0.068375,0.064735,0.061468,0.058519,0.055844,0.053406,0.051175,0.049125,0.047234,0.045486,0.043864,0.042355,0.040947,0.039631,0.038398,0.037241,0.036151,0.035125,0.034155,0.033238,0.03237,0.031547,0.030764,0.03002,0.029311,0.028636,0.027991,0.027375,0.026785,0.026221,0.02568,0.025161,0.024663,0.024185,0.023725,0.023282,0.022855,0.022444,0.022048,0.021666,0.021296,0.02094,0.020595,0.020261,0.019938,0.019625,0.019322,0.019028,0.018744,0.018467,0.018199,0.017938,0.017685,0.017439
0.40803,0.54757,1.1118,0.48529,0.32944,0.25299,0.20651,0.17497,0.15204,0.13457,0.12079,0.10963,0.1004,0.092627,0.085995,0.080266,0.075264,0.07086,0.06695,0.063455,0.060313,0.057471,0.054889,0.052532,0.050372,0.048384,0.04655,0.044851,0.043273,0.041804,0.040432,0.039149,0.037945,0.036814,0.03575,0.034745,0.033797,0.032899,0.032048,0.031241,0.030473,0.029743,0.029047,0.028384,0.02775,0.027145,0.026565,0.02601,0.025478,0.024967,0.024477,0.024005,0.023552,0.023116,0.022695,0.02229,0.021899,0.021522,0.021157,0.020805,0.020465,0.020135,0.019816,0.019507,0.019208,0.018918,0.018636,0.018363,0.018098,0.01784,0.01759
0.29891,0.36111,0.48529,0.98533,0.44322,0.30619,0.23792,0.19587,0.16702,0.14586,0.12963,0.11674,0.10625,0.097534,0.09017,0.083862,0.078396,0.073613,0.069389,0.065632,0.062268,0.059237,0.056492,0.053994,0.05171,0.049615,0.047685,0.045901,0.044248,0.042711,0.041279,0.039941,0.038688,0.037512,0.036406,0.035365,0.034382,0.033452,0.032572,0.031738,0.030946,0.030193,0.029476,0.028793,0.02814,0.027517,0.026922,0.026352,0.025805,0.025281,0.024778,0.024295,0.023831,0.023384,0.022954,0.022539,0.02214,0.021754,0.021382,0.021022,0.020674,0.020338,0.020012,0.019697,0.019392,0.019096,0.018809,0.018531,0.018261,0.017999,0.017744
0.23679,0.27243,0.32944,0.44322,0.89945,0.41229,0.28816,0.22578,0.18705,0.16029,0.14055,0.12532,0.11317,0.10324,0.094962,0.087946,0.081919,0.076684,0.072092,0.068029,0.064409,0.061162,0.058231,0.055574,0.053152,0.050936,0.0489,0.047023,0.045287,0.043676,0.042177,0.040779,0.039472,0.038248,0.037097,0.036015,0.034995,0.034032,0.033121,0.032258,0.03144,0.030662,0.029922,0.029218,0.028546,0.027905,0.027292,0.026706,0.026145,0.025607,0.025091,0.024595,0.024119,0.023661,0.023221,0.022796,0.022387,0.021993,0.021612,0.021245,0.02089,0.020546,0.020214,0.019893,0.019581,0.019279,0.018987,0.018703,0.018428,0.018161,0.017901
0.19649,0.21974,0.25299,0.30619,0.41229,0.83598,0.38826,0.27362,0.21572,0.17959,0.1545,0.13591,0.12151,0.10999,0.10054,0.092633,0.085919,0.080139,0.075108,0.070686,0.066767,0.063269,0.060127,0.057289,0.054711,0.052359,0.050205,0.048224,0.046395,0.044703,0.043131,0.041668,0.040302,0.039024,0.037826,0.0367,0.03564,0.03464,0.033696,0.032802,0.031955,0.031151,0.030388,0.029661,0.028968,0.028308,0.027677,0.027074,0.026497,0.025944,0.025414,0.024906,0.024417,0.023948,0.023496,0.023062,0.022643,0.02224,0.02185,0.021474,0.021111,0.020761,0.020421,0.020093,0.019775,0.019468,0.019169,0.01888,0.0186,0.018327,0.018063
0.16815,0.18457,0.20651,0.23792,0.28816,0.38826,0.78642,0.36887,0.26158,0.20721,0.17317,0.14945,0.13182,0.11812,0.10712,0.098086,0.090512,0.084063,0.0785,0.07365,0.06938,0.065591,0.062204,0.059158,0.056403,0.053898,0.05161,0.049513,0.047582,0.045799,0.044147,0.042612,0.041182,0.039846,0.038595,0.037422,0.036319,0.03528,0.034299,0.033372,0.032495,0.031663,0.030873,0.030123,0.029408,0.028727,0.028077,0.027456,0.026862,0.026294,0.025749,0.025227,0.024726,0.024244,0.023781,0.023336,0.022907,0.022494,0.022095,0.021711,0.02134,0.020981,0.020635,0.020299,0.019975,0.019661,0.019357,0.019062,0.018776,0.018498,0.018229
0.14709,0.15934,0.17497,0.19587,0.22578,0.27362,0.36887,0.74623,0.35276,0.25137,0.19988,0.16756,0.14499,0.12817,0.11506,0.10453,0.095854,0.088568,0.082354,0.076985,0.072297,0.068164,0.064492,0.061206,0.058247,0.055568,0.05313,0.050902,0.048856,0.046973,0.045231,0.043617,0.042116,0.040717,0.039409,0.038184,0.037034,0.035952,0.034933,0.033971,0.033061,0.032199,0.031381,0.030605,0.029866,0.029163,0.028493,0.027853,0.027241,0.026656,0.026096,0.02556,0.025045,0.024551,0.024076,0.023619,0.023179,0.022756,0.022348,0.021955,0.021575,0.021208,0.020854,0.020512,0.02018,0.01986,0.019549,0.019248,0.018956,0.018673,0.018399
0.13081,0.14031,0.15204,0.16702,0.18705,0.21572,0.26158,0.35276,0.71272,0.3391,0.24258,0.19348,0.16261,0.14101,0.12488,0.1123,0.10217,0.09381,0.086779,0.080774,0.075579,0.071037,0.067028,0.063462,0.060268,0.057389,0.054779,0.052403,0.050229,0.048233,0.046393,0.044691,0.043111,0.041642,0.040272,0.03899,0.037789,0.036661,0.0356,0.034599,0.033654,0.03276,0.031913,0.031109,0.030345,0.029619,0.028926,0.028266,0.027636,0.027033,0.026457,0.025905,0.025376,0.024868,0.02438,0.023912,0.023461,0.023027,0.022609,0.022206,0.021818,0.021442,0.02108,0.02073,0.020391,0.020064,0.019747,0.019439,0.019142,0.018853,0.018573
0.11783,0.12542,0.13457,0.14586,0.16029,0.17959,0.20721,0.25137,0.3391,0.68418,0.3273,0.23489,0.18783,0.15819,0.13743,0.12191,0.10979,0.10001,0.091928,0.085125,0.079307,0.074269,0.069859,0.065963,0.062494,0.059383,0.056578,0.054033,0.051714,0.049591,0.04764,0.04584,0.044174,0.042628,0.041189,0.039845,0.038589,0.03741,0.036303,0.035261,0.034278,0.033349,0.03247,0.031636,0.030846,0.030094,0.029379,0.028697,0.028047,0.027425,0.026832,0.026263,0.025719,0.025197,0.024696,0.024215,0.023752,0.023307,0.022879,0.022466,0.022068,0.021684,0.021313,0.020955,0.020609,0.020274,0.01995,0.019636,0.019332,0.019038,0.018752
0.10724,0.11345,0.12079,0.12963,0.14055,0.1545,0.17317,0.19988,0.24258,0.3273,0.65944,0.31697,0.22809,0.18278,0.15422,0.13419,0.11921,0.10748,0.098016,0.090188,0.083589,0.077941,0.073044,0.068754,0.064961,0.061581,0.058549,0.055811,0.053326,0.051059,0.048983,0.047074,0.045312,0.043681,0.042165,0.040754,0.039436,0.038203,0.037046,0.035958,0.034934,0.033968,0.033054,0.032189,0.031369,0.030591,0.029851,0.029146,0.028474,0.027833,0.027221,0.026636,0.026075,0.025538,0.025023,0.024528,0.024053,0.023597,0.023157,0.022734,0.022326,0.021933,0.021553,0.021187,0.020832,0.02049,0.020159,0.019839,0.019528,0.019228,0.018936
0.098425,0.10361,0.10963,0.11674,0.12532,0.13591,0.14945,0.16756,0.19348,0.23489,0.31697,0.63772,0.30782,0.22202,0.17824,0.15062,0.13124,0.11672,0.10536,0.096175,0.088572,0.082158,0.076664,0.071896,0.067717,0.064018,0.06072,0.057758,0.055083,0.052653,0.050436,0.048404,0.046534,0.044808,0.043208,0.041722,0.040337,0.039043,0.037832,0.036695,0.035626,0.034619,0.033668,0.032769,0.031918,0.031111,0.030344,0.029615,0.028921,0.028259,0.027627,0.027023,0.026445,0.025892,0.025362,0.024854,0.024365,0.023896,0.023445,0.023011,0.022593,0.022189,0.021801,0.021425,0.021063,0.020713,0.020374,0.020047,0.01973,0.019422,0.019125
0.090971,0.095359,0.1004,0.10625,0.11317,0.12151,0.13182,0.14499,0.16261,0.18783,0.22809,0.30782,0.61842,0.29963,0.21655,0.17412,0.14734,0.12854,0.11444,0.1034,0.094466,0.087067,0.080821,0.075467,0.070818,0.066739,0.063127,0.059905,0.057009,0.054392,0.052014,0.049842,0.047851,0.046018,0.044325,0.042755,0.041296,0.039936,0.038665,0.037475,0.036357,0.035306,0.034315,0.033379,0.032494,0.031656,0.030861,0.030105,0.029386,0.028702,0.028049,0.027426,0.02683,0.02626,0.025714,0.025191,0.024689,0.024206,0.023743,0.023297,0.022868,0.022455,0.022056,0.021672,0.021301,0.020942,0.020596,0.020261,0.019937,0.019623,0.019319
0.084583,0.08835,0.092627,0.097534,0.10324,0.10999,0.11812,0.12817,0.14101,0.15819,0.18278,0.22202,0.29963,0.60111,0.29225,0.21159,0.17037,0.14434,0.12605,0.11233,0.10157,0.092873,0.085661,0.079568,0.074342,0.069801,0.065815,0.062284,0.059131,0.056297,0.053734,0.051404,0.049276,0.047323,0.045524,0.043862,0.042321,0.040888,0.039551,0.038302,0.037131,0.036031,0.034996,0.034021,0.0331,0.032228,0.031402,0.030618,0.029874,0.029165,0.02849,0.027846,0.027231,0.026643,0.02608,0.025541,0.025024,0.024528,0.024052,0.023594,0.023153,0.022729,0.02232,0.021926,0.021546,0.021179,0.020824,0.020482,0.02015,0.019829,0.019519
0.079046,0.082317,0.085995,0.09017,0.094962,0.10054,0.10712,0.11506,0.12488,0.13743,0.15422,0.17824,0.21655,0.29225,0.58546,0.28554,0.20706,0.16692,0.14157,0.12374,0.11036,0.099876,0.091385,0.084342,0.07839,0.073281,0.068842,0.064941,0.061485,0.058397,0.05562,0.053107,0.050822,0.048734,0.046817,0.045051,0.043418,0.041904,0.040495,0.03918,0.037951,0.036799,0.035716,0.034698,0.033737,0.032829,0.03197,0.031156,0.030383,0.029649,0.02895,0.028283,0.027648,0.027041,0.02646,0.025904,0.025372,0.024861,0.024371,0.023901,0.023448,0.023012,0.022593,0.022189,0.021799,0.021423,0.02106,0.020709,0.02037,0.020041,0.019724
0.0742,0.077067,0.080266,0.083862,0.087946,0.092633,0.098086,0.10453,0.1123,0.12191,0.13419,0.15062,0.17412,0.21159,0.28554,0.57121,0.2794,0.2029,0.16375,0.139,0.1216,0.10854,0.098289,0.089989,0.083103,0.07728,0.07228,0.067933,0.064113,0.060725,0.057698,0.054974,0.052509,0.050266,0.048215,0.046332,0.044597,0.042992,0.041502,0.040116,0.038823,0.037613,0.036479,0.035413,0.034409,0.033462,0.032567,0.031721,0.030918,0.030155,0.029431,0.028741,0.028083,0.027456,0.026856,0.026283,0.025734,0.025208,0.024703,0.024219,0.023753,0.023306,0.022875,0.02246,0.02206,0.021675,0.021303,0.020943,0.020596,0.02026,0.019935
0.069923,0.072457,0.075264,0.078396,0.081919,0.085919,0.090512,0.095854,0.10217,0.10979,0.11921,0.13124,0.14734,0.17037,0.20706,0.2794,0.55816,0.27376,0.19907,0.16081,0.13662,0.1196,0.10683,0.0968,0.088677,0.081935,0.076232,0.071333,0.067072,0.063326,0.060003,0.057032,0.054358,0.051937,0.049734,0.047718,0.045867,0.044161,0.042582,0.041116,0.039752,0.038478,0.037287,0.036169,0.035119,0.03413,0.033196,0.032314,0.031478,0.030686,0.029934,0.029219,0.028538,0.027888,0.027269,0.026676,0.02611,0.025567,0.025047,0.024549,0.02407,0.02361,0.023167,0.022741,0.02233,0.021935,0.021553,0.021185,0.020829,0.020485,0.020153
0.066118,0.068375,0.07086,0.073613,0.076684,0.080139,0.084063,0.088568,0.09381,0.10001,0.10748,0.11672,0.12854,0.14434,0.16692,0.2029,0.27376,0.54615,0.26855,0.19551,0.15808,0.1344,0.11774,0.10522,0.095401,0.087441,0.080832,0.07524,0.070434,0.066253,0.062577,0.059314,0.056396,0.053769,0.05139,0.049223,0.047241,0.04542,0.043741,0.042187,0.040744,0.0394,0.038146,0.036972,0.03587,0.034835,0.033859,0.032938,0.032068,0.031244,0.030462,0.029719,0.029013,0.02834,0.027699,0.027087,0.026501,0.025941,0.025405,0.024891,0.024398,0.023924,0.023469,0.023031,0.02261,0.022204,0.021812,0.021434,0.02107,0.020718,0.020377
0.062712,0.064735,0.06695,0.069389,0.072092,0.075108,0.0785,0.082354,0.086779,0.091928,0.098016,0.10536,0.11444,0.12605,0.14157,0.16375,0.19907,0.26855,0.53503,0.26372,0.1922,0.15553,0.13232,0.11599,0.10372,0.094082,0.086273,0.079788,0.074299,0.069581,0.065475,0.061863,0.058656,0.055788,0.053205,0.050865,0.048734,0.046783,0.044991,0.043337,0.041807,0.040385,0.039061,0.037825,0.036667,0.035581,0.034559,0.033597,0.032688,0.031829,0.031016,0.030244,0.02951,0.028813,0.028148,0.027514,0.026909,0.026331,0.025777,0.025247,0.024739,0.024251,0.023782,0.023332,0.022899,0.022482,0.02208,0.021692,0.021318,0.020957,0.020608
0.059644,0.061468,0.063455,0.065632,0.068029,0.070686,0.07365,0.076985,0.080774,0.085125,0.090188,0.096175,0.1034,0.11233,0.12374,0.139,0.16081,0.19551,0.26372,0.52469,0.25922,0.18912,0.15314,0.13037,0.11434,0.1023,0.092837,0.085168,0.078798,0.073405,0.068769,0.064732,0.061181,0.058028,0.055207,0.052665,0.050362,0.048263,0.046343,0.044577,0.042948,0.04144,0.040039,0.038733,0.037514,0.036372,0.035301,0.034293,0.033343,0.032446,0.031598,0.030794,0.030032,0.029307,0.028618,0.027961,0.027335,0.026737,0.026165,0.025617,0.025093,0.02459,0.024107,0.023644,0.023198,0.022769,0.022356,0.021958,0.021575,0.021204,0.020847
0.056866,0.058519,0.060313,0.062268,0.064409,0.066767,0.06938,0.072297,0.075579,0.079307,0.083589,0.088572,0.094466,0.10157,0.11036,0.1216,0.13662,0.15808,0.1922,0.25922,0.51506,0.25501,0.18622,0.1509,0.12854,0.11279,0.10095,0.091657,0.084119,0.077857,0.072554,0.067994,0.064024,0.060529,0.057426,0.054649,0.052147,0.049878,0.047811,0.045919,0.044179,0.042573,0.041086,0.039704,0.038417,0.037214,0.036087,0.035029,0.034034,0.033097,0.032211,0.031373,0.030579,0.029826,0.02911,0.028428,0.027779,0.02716,0.026568,0.026003,0.025461,0.024942,0.024445,0.023967,0.023508,0.023067,0.022643,0.022234,0.02184,0.02146,0.021093
0.054338,0.055844,0.057471,0.059237,0.061162,0.063269,0.065591,0.068164,0.071037,0.074269,0.077941,0.082158,0.087067,0.092873,0.099876,0.10854,0.1196,0.1344,0.15553,0.18912,0.25501,0.50604,0.25106,0.1835,0.14879,0.1268,0.11132,0.099681,0.090538,0.083123,0.076961,0.071743,0.067255,0.063346,0.059906,0.05685,0.054114,0.051649,0.049413,0.047376,0.04551,0.043795,0.042211,0.040744,0.039381,0.03811,0.036923,0.035811,0.034766,0.033784,0.032857,0.031982,0.031155,0.03037,0.029625,0.028918,0.028244,0.027602,0.026989,0.026404,0.025845,0.025309,0.024796,0.024303,0.02383,0.023376,0.022939,0.022519,0.022114,0.021724,0.021347
0.052029,0.053406,0.054889,0.056492,0.058231,0.060127,0.062204,0.064492,0.067028,0.069859,0.073044,0.076664,0.080821,0.085661,0.091385,0.098289,0.10683,0.11774,0.13232,0.15314,0.18622,0.25106,0.49757,0.24735,0.18094,0.1468,0.12517,0.10993,0.098475,0.089475,0.082175,0.076108,0.070969,0.066548,0.062698,0.059308,0.056297,0.0536,0.05117,0.048966,0.046957,0.045117,0.043424,0.041861,0.040414,0.039068,0.037814,0.036641,0.035543,0.034511,0.03354,0.032625,0.03176,0.030942,0.030167,0.02943,0.02873,0.028064,0.027429,0.026823,0.026244,0.02569,0.02516,0.024652,0.024165,0.023697,0.023247,0.022814,0.022398,0.021997,0.02161
0.04991,0.051175,0.052532,0.053994,0.055574,0.057289,0.059158,0.061206,0.063462,0.065963,0.068754,0.071896,0.075467,0.079568,0.084342,0.089989,0.0968,0.10522,0.11599,0.13037,0.1509,0.1835,0.24735,0.4896,0.24385,0.17853,0.14492,0.12362,0.10861,0.097328,0.088463,0.08127,0.075293,0.070228,0.065872,0.062077,0.058735,0.055765,0.053106,0.050709,0.048535,0.046552,0.044737,0.043066,0.041523,0.040094,0.038765,0.037526,0.036368,0.035283,0.034263,0.033304,0.032399,0.031545,0.030735,0.029969,0.02924,0.028548,0.027889,0.027261,0.026661,0.026088,0.02554,0.025015,0.024512,0.024029,0.023566,0.02312,0.022692,0.022279,0.021882
0.047959,0.049125,0.050372,0.05171,0.053152,0.054711,0.056403,0.058247,0.060268,0.062494,0.064961,0.067717,0.070818,0.074342,0.07839,0.083103,0.088677,0.095401,0.10372,0.11434,0.12854,0.14879,0.18094,0.24385,0.48208,0.24054,0.17624,0.14313,0.12215,0.10736,0.096236,0.087497,0.080407,0.074513,0.06952,0.065224,0.06148,0.058184,0.055254,0.052631,0.050265,0.048119,0.046162,0.044369,0.04272,0.041196,0.039784,0.038472,0.037248,0.036103,0.035031,0.034023,0.033075,0.03218,0.031335,0.030534,0.029776,0.029055,0.02837,0.027718,0.027096,0.026503,0.025935,0.025393,0.024873,0.024375,0.023897,0.023438,0.022996,0.022572,0.022163
0.046157,0.047234,0.048384,0.049615,0.050936,0.052359,0.053898,0.055568,0.057389,0.059383,0.061581,0.064018,0.066739,0.069801,0.073281,0.07728,0.081935,0.087441,0.094082,0.1023,0.11279,0.1268,0.1468,0.17853,0.24054,0.47496,0.2374,0.17407,0.14144,0.12075,0.10616,0.095195,0.086575,0.079581,0.073767,0.068841,0.064602,0.060907,0.057654,0.054762,0.052172,0.049837,0.047718,0.045785,0.044014,0.042385,0.04088,0.039485,0.038187,0.036977,0.035846,0.034786,0.033789,0.032851,0.031966,0.03113,0.030339,0.029588,0.028875,0.028197,0.027552,0.026936,0.026348,0.025787,0.025249,0.024734,0.024241,0.023767,0.023313,0.022875,0.022455
0.044487,0.045486,0.04655,0.047685,0.0489,0.050205,0.05161,0.05313,0.054779,0.056578,0.058549,0.06072,0.063127,0.065815,0.068842,0.07228,0.076232,0.080832,0.086273,0.092837,0.10095,0.11132,0.12517,0.14492,0.17624,0.2374,0.46822,0.23443,0.172,0.13982,0.11941,0.10502,0.0942,0.085694,0.078791,0.073052,0.068189,0.064004,0.060357,0.057144,0.054289,0.05173,0.049423,0.04733,0.045421,0.043671,0.042061,0.040573,0.039194,0.037911,0.036715,0.035596,0.034547,0.033562,0.032634,0.031759,0.030931,0.030148,0.029405,0.028699,0.028028,0.027389,0.026779,0.026197,0.025641,0.025109,0.024599,0.02411,0.023641,0.02319,0.022757
0.042935,0.043864,0.044851,0.045901,0.047023,0.048224,0.049513,0.050902,0.052403,0.054033,0.055811,0.057758,0.059905,0.062284,0.064941,0.067933,0.071333,0.07524,0.079788,0.085168,0.091657,0.099681,0.10993,0.12362,0.14313,0.17407,0.23443,0.46181,0.2316,0.17004,0.13829,0.11814,0.10393,0.093249,0.084849,0.078033,0.072365,0.067562,0.063429,0.059826,0.056653,0.053831,0.051304,0.049024,0.046955,0.045068,0.043339,0.041747,0.040276,0.038912,0.037643,0.03646,0.035354,0.034316,0.033341,0.032423,0.031556,0.030737,0.029962,0.029226,0.028528,0.027863,0.02723,0.026626,0.02605,0.025499,0.024972,0.024466,0.023982,0.023517,0.02307
0.041489,0.042355,0.043273,0.044248,0.045287,0.046395,0.047582,0.048856,0.050229,0.051714,0.053326,0.055083,0.057009,0.059131,0.061485,0.064113,0.067072,0.070434,0.074299,0.078798,0.084119,0.090538,0.098475,0.10861,0.12215,0.14144,0.172,0.2316,0.4557,0.2289,0.16816,0.13682,0.11692,0.10289,0.092338,0.08404,0.077305,0.071706,0.06696,0.062876,0.059315,0.056179,0.05339,0.050892,0.048638,0.046593,0.044727,0.043017,0.041442,0.039987,0.038638,0.037383,0.036213,0.035118,0.034091,0.033126,0.032217,0.031359,0.030549,0.029781,0.029052,0.02836,0.027702,0.027075,0.026477,0.025906,0.02536,0.024837,0.024337,0.023856,0.023396
0.040138,0.040947,0.041804,0.042711,0.043676,0.044703,0.045799,0.046973,0.048233,0.049591,0.051059,0.052653,0.054392,0.056297,0.058397,0.060725,0.063326,0.066253,0.069581,0.073405,0.077857,0.083123,0.089475,0.097328,0.10736,0.12075,0.13982,0.17004,0.2289,0.44989,0.22632,0.16637,0.13541,0.11576,0.1019,0.091464,0.083263,0.076606,0.071071,0.06638,0.062342,0.058823,0.055721,0.052964,0.050494,0.048265,0.046242,0.044396,0.042704,0.041147,0.039707,0.038373,0.037131,0.035972,0.034888,0.033872,0.032916,0.032017,0.031167,0.030364,0.029604,0.028882,0.028197,0.027545,0.026924,0.026331,0.025765,0.025224,0.024706,0.02421,0.023734
0.038873,0.039631,0.040432,0.041279,0.042177,0.043131,0.044147,0.045231,0.046393,0.04764,0.048983,0.050436,0.052014,0.053734,0.05562,0.057698,0.060003,0.062577,0.065475,0.068769,0.072554,0.076961,0.082175,0.088463,0.096236,0.10616,0.11941,0.13829,0.16816,0.22632,0.44433,0.22386,0.16466,0.13407,0.11464,0.10094,0.090624,0.082516,0.075934,0.070461,0.065821,0.061828,0.058347,0.05528,0.052552,0.050108,0.047903,0.045902,0.044076,0.042402,0.04086,0.039436,0.038114,0.036885,0.035738,0.034665,0.033658,0.032712,0.031821,0.03098,0.030185,0.029431,0.028717,0.028038,0.027391,0.026776,0.026188,0.025627,0.025091,0.024578,0.024085
0.037686,0.038398,0.039149,0.039941,0.040779,0.041668,0.042612,0.043617,0.044691,0.04584,0.047074,0.048404,0.049842,0.051404,0.053107,0.054974,0.057032,0.059314,0.061863,0.064732,0.067994,0.071743,0.076108,0.08127,0.087497,0.095195,0.10502,0.11814,0.13682,0.16637,0.22386,0.43902,0.2215,0.16302,0.13278,0.11357,0.10002,0.089818,0.081797,0.075286,0.069872,0.065282,0.061332,0.057887,0.054852,0.052154,0.049735,0.047553,0.045572,0.043765,0.042108,0.040582,0.039171,0.037863,0.036646,0.03551,0.034447,0.033451,0.032514,0.031631,0.030797,0.030009,0.029263,0.028555,0.027882,0.027241,0.026631,0.026049,0.025493,0.024961,0.024452
0.036571,0.037241,0.037945,0.038688,0.039472,0.040302,0.041182,0.042116,0.043111,0.044174,0.045312,0.046534,0.047851,0.049276,0.050822,0.052509,0.054358,0.056396,0.058656,0.061181,0.064024,0.067255,0.070969,0.075293,0.080407,0.086575,0.0942,0.10393,0.11692,0.13541,0.16466,0.2215,0.43393,0.21924,0.16144,0.13154,0.11254,0.099134,0.089041,0.081105,0.074662,0.069304,0.064762,0.060852,0.057443,0.054439,0.051768,0.049374,0.047214,0.045253,0.043463,0.041822,0.040311,0.038915,0.037619,0.036413,0.035288,0.034236,0.033248,0.03232,0.031445,0.030619,0.029838,0.029098,0.028396,0.027729,0.027095,0.02649,0.025912,0.025361,0.024833
0.03552,0.036151,0.036814,0.037512,0.038248,0.039024,0.039846,0.040717,0.041642,0.042628,0.043681,0.044808,0.046018,0.047323,0.048734,0.050266,0.051937,0.053769,0.055788,0.058028,0.060529,0.063346,0.066548,0.070228,0.074513,0.079581,0.085694,0.093249,0.10289,0.11576,0.13407,0.16302,0.21924,0.42905,0.21707,0.15993,0.13036,0.11155,0.098283,0.088294,0.080438,0.07406,0.068756,0.064259,0.060388,0.057013,0.054039,0.051394,0.049024,0.046884,0.044942,0.04317,0.041545,0.040048,0.038665,0.037381,0.036187,0.035072,0.034029,0.033051,0.032131,0.031264,0.030445,0.029671,0.028938,0.028242,0.02758,0.026951,0.026351,0.025779,0.025232
0.034529,0.035125,0.03575,0.036406,0.037097,0.037826,0.038595,0.039409,0.040272,0.041189,0.042165,0.043208,0.044325,0.045524,0.046817,0.048215,0.049734,0.05139,0.053205,0.055207,0.057426,0.059906,0.062698,0.065872,0.06952,0.073767,0.078791,0.084849,0.092338,0.1019,0.11464,0.13278,0.16144,0.21707,0.42436,0.21498,0.15848,0.12921,0.1106,0.097463,0.087572,0.079794,0.073478,0.068226,0.063773,0.059939,0.056597,0.053651,0.051032,0.048684,0.046565,0.044641,0.042885,0.041275,0.039792,0.038422,0.03715,0.035966,0.034862,0.033828,0.032858,0.031946,0.031087,0.030275,0.029508,0.028781,0.028091,0.027435,0.026811,0.026216,0.025648
0.033592,0.034155,0.034745,0.035365,0.036015,0.0367,0.037422,0.038184,0.03899,0.039845,0.040754,0.041722,0.042755,0.043862,0.045051,0.046332,0.047718,0.049223,0.050865,0.052665,0.054649,0.05685,0.059308,0.062077,0.065224,0.068841,0.073052,0.078033,0.08404,0.091464,0.10094,0.11357,0.13154,0.15993,0.21498,0.41985,0.21297,0.15707,0.12811,0.10968,0.096672,0.086877,0.079172,0.072916,0.067713,0.063302,0.059505,0.056193,0.053275,0.05068,0.048354,0.046254,0.044348,0.042608,0.041013,0.039543,0.038185,0.036924,0.035751,0.034656,0.033631,0.03267,0.031766,0.030914,0.030109,0.029348,0.028627,0.027943,0.027292,0.026673,0.026083
0.032705,0.033238,0.033797,0.034382,0.034995,0.03564,0.036319,0.037034,0.037789,0.038589,0.039436,0.040337,0.041296,0.042321,0.043418,0.044597,0.045867,0.047241,0.048734,0.050362,0.052147,0.054114,0.056297,0.058735,0.06148,0.064602,0.068189,0.072365,0.077305,0.083263,0.090624,0.10002,0.11254,0.13036,0.15848,0.21297,0.41551,0.21104,0.15572,0.12705,0.1088,0.095909,0.086204,0.078571,0.072373,0.067217,0.062847,0.059084,0.055802,0.05291,0.050339,0.048033,0.045952,0.044063,0.042339,0.040757,0.039301,0.037954,0.036705,0.035542,0.034456,0.03344,0.032486,0.03159,0.030745,0.029947,0.029192,0.028477,0.027798,0.027153,0.026539
0.031864,0.03237,0.032899,0.033452,0.034032,0.03464,0.03528,0.035952,0.036661,0.03741,0.038203,0.039043,0.039936,0.040888,0.041904,0.042992,0.044161,0.04542,0.046783,0.048263,0.049878,0.051649,0.0536,0.055765,0.058184,0.060907,0.064004,0.067562,0.071706,0.076606,0.082516,0.089818,0.099134,0.11155,0.12921,0.15707,0.21104,0.41133,0.20917,0.15442,0.12602,0.10794,0.095172,0.085555,0.07799,0.071847,0.066737,0.062405,0.058675,0.055423,0.052556,0.050007,0.047722,0.045659,0.043786,0.042077,0.040509,0.039065,0.037729,0.03649,0.035337,0.034261,0.033253,0.032307,0.031418,0.03058,0.029789,0.02904,0.02833,0.027657,0.027017
0.031066,0.031547,0.032048,0.032572,0.033121,0.033696,0.034299,0.034933,0.0356,0.036303,0.037046,0.037832,0.038665,0.039551,0.040495,0.041502,0.042582,0.043741,0.044991,0.046343,0.047811,0.049413,0.05117,0.053106,0.055254,0.057654,0.060357,0.063429,0.06696,0.071071,0.075934,0.081797,0.089041,0.098283,0.1106,0.12811,0.15572,0.20917,0.4073,0.20737,0.15317,0.12503,0.10711,0.094458,0.084926,0.077427,0.071337,0.066272,0.061977,0.058279,0.055054,0.052212,0.049685,0.047419,0.045374,0.043517,0.041821,0.040267,0.038834,0.03751,0.036281,0.035138,0.03407,0.03307,0.032132,0.03125,0.030419,0.029633,0.028891,0.028187,0.027518
0.030307,0.030764,0.031241,0.031738,0.032258,0.032802,0.033372,0.033971,0.034599,0.035261,0.035958,0.036695,0.037475,0.038302,0.03918,0.040116,0.041116,0.042187,0.043337,0.044577,0.045919,0.047376,0.048966,0.050709,0.052631,0.054762,0.057144,0.059826,0.062876,0.06638,0.070461,0.075286,0.081105,0.088294,0.097463,0.10968,0.12705,0.15442,0.20737,0.40341,0.20563,0.15195,0.12407,0.10632,0.093768,0.084317,0.076881,0.070843,0.06582,0.061561,0.057894,0.054697,0.051878,0.049371,0.047124,0.045096,0.043254,0.041573,0.040031,0.03861,0.037296,0.036078,0.034943,0.033883,0.032892,0.031961,0.031086,0.030261,0.029482,0.028745,0.028046
0.029585,0.03002,0.030473,0.030946,0.03144,0.031955,0.032495,0.033061,0.033654,0.034278,0.034934,0.035626,0.036357,0.037131,0.037951,0.038823,0.039752,0.040744,0.041807,0.042948,0.044179,0.04551,0.046957,0.048535,0.050265,0.052172,0.054289,0.056653,0.059315,0.062342,0.065821,0.069872,0.074662,0.080438,0.087572,0.096672,0.1088,0.12602,0.15317,0.20563,0.39965,0.20395,0.15077,0.12314,0.10554,0.0931,0.083727,0.076353,0.070364,0.065382,0.061158,0.057521,0.054349,0.051553,0.049067,0.046837,0.044825,0.042998,0.04133,0.0398,0.038391,0.037088,0.035878,0.034753,0.033701,0.032717,0.031794,0.030925,0.030107,0.029333,0.028602
0.028896,0.029311,0.029743,0.030193,0.030662,0.031151,0.031663,0.032199,0.03276,0.033349,0.033968,0.034619,0.035306,0.036031,0.036799,0.037613,0.038478,0.0394,0.040385,0.04144,0.042573,0.043795,0.045117,0.046552,0.048119,0.049837,0.05173,0.053831,0.056179,0.058823,0.061828,0.065282,0.069304,0.07406,0.079794,0.086877,0.095909,0.10794,0.12503,0.15195,0.20395,0.39602,0.20232,0.14964,0.12225,0.10479,0.092452,0.083155,0.07584,0.069899,0.064957,0.060766,0.057157,0.054011,0.051237,0.04877,0.046558,0.044562,0.042749,0.041094,0.039576,0.038177,0.036884,0.035684,0.034567,0.033524,0.032547,0.03163,0.030768,0.029956,0.029188
0.02824,0.028636,0.029047,0.029476,0.029922,0.030388,0.030873,0.031381,0.031913,0.03247,0.033054,0.033668,0.034315,0.034996,0.035716,0.036479,0.037287,0.038146,0.039061,0.040039,0.041086,0.042211,0.043424,0.044737,0.046162,0.047718,0.049423,0.051304,0.05339,0.055721,0.058347,0.061332,0.064762,0.068756,0.073478,0.079172,0.086204,0.095172,0.10711,0.12407,0.15077,0.20232,0.3925,0.20075,0.14853,0.12138,0.10406,0.091823,0.0826,0.075342,0.069448,0.064543,0.060385,0.056804,0.053682,0.050929,0.048481,0.046286,0.044305,0.042506,0.040863,0.039357,0.037969,0.036685,0.035494,0.034385,0.03335,0.03238,0.03147,0.030615,0.029808
0.027612,0.027991,0.028384,0.028793,0.029218,0.029661,0.030123,0.030605,0.031109,0.031636,0.032189,0.032769,0.033379,0.034021,0.034698,0.035413,0.036169,0.036972,0.037825,0.038733,0.039704,0.040744,0.041861,0.043066,0.044369,0.045785,0.04733,0.049024,0.050892,0.052964,0.05528,0.057887,0.060852,0.064259,0.068226,0.072916,0.078571,0.085555,0.094458,0.10632,0.12314,0.14964,0.20075,0.38909,0.19922,0.14746,0.12053,0.10336,0.091214,0.082061,0.074859,0.069009,0.064141,0.060014,0.05646,0.053361,0.050629,0.048199,0.046021,0.044055,0.042269,0.040638,0.039143,0.037765,0.036491,0.035308,0.034208,0.03318,0.032217,0.031314,0.030464
0.027013,0.027375,0.02775,0.02814,0.028546,0.028968,0.029408,0.029866,0.030345,0.030846,0.031369,0.031918,0.032494,0.0331,0.033737,0.034409,0.035119,0.03587,0.036667,0.037514,0.038417,0.039381,0.040414,0.041523,0.04272,0.044014,0.045421,0.046955,0.048638,0.050494,0.052552,0.054852,0.057443,0.060388,0.063773,0.067713,0.072373,0.07799,0.084926,0.093768,0.10554,0.12225,0.14853,0.19922,0.38579,0.19774,0.14643,0.11971,0.10267,0.090622,0.081538,0.074389,0.068582,0.063751,0.059654,0.056126,0.053049,0.050337,0.047925,0.045762,0.04381,0.042037,0.040419,0.038934,0.037566,0.036301,0.035127,0.034034,0.033013,0.032058,0.031161
0.026439,0.026785,0.027145,0.027517,0.027905,0.028308,0.028727,0.029163,0.029619,0.030094,0.030591,0.031111,0.031656,0.032228,0.032829,0.033462,0.03413,0.034835,0.035581,0.036372,0.037214,0.03811,0.039068,0.040094,0.041196,0.042385,0.043671,0.045068,0.046593,0.048265,0.050108,0.052154,0.054439,0.057013,0.059939,0.063302,0.067217,0.071847,0.077427,0.084317,0.0931,0.10479,0.12138,0.14746,0.19774,0.38258,0.1963,0.14542,0.11892,0.10201,0.090046,0.081029,0.073932,0.068167,0.06337,0.059303,0.0558,0.052745,0.050053,0.047657,0.04551,0.043572,0.041811,0.040204,0.03873,0.037372,0.036115,0.03495,0.033864,0.03285,0.031901
0.025889,0.026221,0.026565,0.026922,0.027292,0.027677,0.028077,0.028493,0.028926,0.029379,0.029851,0.030344,0.030861,0.031402,0.03197,0.032567,0.033196,0.033859,0.034559,0.035301,0.036087,0.036923,0.037814,0.038765,0.039784,0.04088,0.042061,0.043339,0.044727,0.046242,0.047903,0.049735,0.051768,0.054039,0.056597,0.059505,0.062847,0.066737,0.071337,0.076881,0.083727,0.092452,0.10406,0.12053,0.14643,0.1963,0.37947,0.1949,0.14444,0.11815,0.10136,0.089487,0.080534,0.073487,0.067763,0.063,0.05896,0.055482,0.052449,0.049775,0.047396,0.045264,0.043339,0.041591,0.039995,0.038531,0.037182,0.035934,0.034776,0.033698,0.032691
0.025362,0.02568,0.02601,0.026352,0.026706,0.027074,0.027456,0.027853,0.028266,0.028697,0.029146,0.029615,0.030105,0.030618,0.031156,0.031721,0.032314,0.032938,0.033597,0.034293,0.035029,0.035811,0.036641,0.037526,0.038472,0.039485,0.040573,0.041747,0.043017,0.044396,0.045902,0.047553,0.049374,0.051394,0.053651,0.056193,0.059084,0.062405,0.066272,0.070843,0.076353,0.083155,0.091823,0.10336,0.11971,0.14542,0.1949,0.37645,0.19354,0.14349,0.11739,0.10073,0.088942,0.080053,0.073055,0.06737,0.062639,0.058627,0.055173,0.05216,0.049504,0.047142,0.045024,0.043112,0.041375,0.03979,0.038336,0.036996,0.035756,0.034606,0.033535
0.024856,0.025161,0.025478,0.025805,0.026145,0.026497,0.026862,0.027241,0.027636,0.028047,0.028474,0.028921,0.029386,0.029874,0.030383,0.030918,0.031478,0.032068,0.032688,0.033343,0.034034,0.034766,0.035543,0.036368,0.037248,0.038187,0.039194,0.040276,0.041442,0.042704,0.044076,0.045572,0.047214,0.049024,0.051032,0.053275,0.055802,0.058675,0.061977,0.06582,0.070364,0.07584,0.0826,0.091214,0.10267,0.11892,0.14444,0.19354,0.37352,0.19222,0.14257,0.11666,0.10012,0.088413,0.079584,0.072633,0.066986,0.062287,0.058302,0.054871,0.051878,0.04924,0.046893,0.044789,0.042889,0.041165,0.03959,0.038145,0.036814,0.035582,0.03444
0.02437,0.024663,0.024967,0.025281,0.025607,0.025944,0.026294,0.026656,0.027033,0.027425,0.027833,0.028259,0.028702,0.029165,0.029649,0.030155,0.030686,0.031244,0.031829,0.032446,0.033097,0.033784,0.034511,0.035283,0.036103,0.036977,0.037911,0.038912,0.039987,0.041147,0.042402,0.043765,0.045253,0.046884,0.048684,0.05068,0.05291,0.055423,0.058279,0.061561,0.065382,0.069899,0.075342,0.082061,0.090622,0.10201,0.11815,0.14349,0.19222,0.37066,0.19094,0.14167,0.11595,0.099525,0.087897,0.079127,0.072222,0.066613,0.061944,0.057985,0.054576,0.051602,0.048981,0.04665,0.044559,0.042672,0.040959,0.039394,0.037958,0.036636,0.035412
0.023902,0.024185,0.024477,0.024778,0.025091,0.025414,0.025749,0.026096,0.026457,0.026832,0.027221,0.027627,0.028049,0.02849,0.02895,0.029431,0.029934,0.030462,0.031016,0.031598,0.032211,0.032857,0.03354,0.034263,0.035031,0.035846,0.036715,0.037643,0.038638,0.039707,0.04086,0.042108,0.043463,0.044942,0.046565,0.048354,0.050339,0.052556,0.055054,0.057894,0.061158,0.064957,0.069448,0.074859,0.081538,0.090046,0.10136,0.11739,0.14257,0.19094,0.36789,0.18968,0.14079,0.11526,0.098945,0.087394,0.078682,0.071822,0.066248,0.06161,0.057676,0.054288,0.051334,0.048729,0.046412,0.044335,0.04246,0.040757,0.039202,0.037776,0.036461
0.023453,0.023725,0.024005,0.024295,0.024595,0.024906,0.025227,0.02556,0.025905,0.026263,0.026636,0.027023,0.027426,0.027846,0.028283,0.028741,0.029219,0.029719,0.030244,0.030794,0.031373,0.031982,0.032625,0.033304,0.034023,0.034786,0.035596,0.03646,0.037383,0.038373,0.039436,0.040582,0.041822,0.04317,0.044641,0.046254,0.048033,0.050007,0.052212,0.054697,0.057521,0.060766,0.064543,0.069009,0.074389,0.081029,0.089487,0.10073,0.11666,0.14167,0.18968,0.36518,0.18847,0.13994,0.11458,0.098379,0.086904,0.078248,0.071431,0.065893,0.061283,0.057374,0.054007,0.051071,0.048483,0.04618,0.044116,0.042252,0.04056,0.039015,0.037597
0.02302,0.023282,0.023552,0.023831,0.024119,0.024417,0.024726,0.025045,0.025376,0.025719,0.026075,0.026445,0.02683,0.027231,0.027648,0.028083,0.028538,0.029013,0.02951,0.030032,0.030579,0.031155,0.03176,0.032399,0.033075,0.033789,0.034547,0.035354,0.036213,0.037131,0.038114,0.039171,0.040311,0.041545,0.042885,0.044348,0.045952,0.047722,0.049685,0.051878,0.054349,0.057157,0.060385,0.064141,0.068582,0.073932,0.080534,0.088942,0.10012,0.11595,0.14079,0.18847,0.36255,0.18728,0.1391,0.11392,0.097828,0.086426,0.077824,0.07105,0.065546,0.060964,0.057079,0.053733,0.050814,0.048242,0.045953,0.043901,0.042049,0.040367,0.038831
0.022603,0.022855,0.023116,0.023384,0.023661,0.023948,0.024244,0.024551,0.024868,0.025197,0.025538,0.025892,0.02626,0.026643,0.027041,0.027456,0.027888,0.02834,0.028813,0.029307,0.029826,0.03037,0.030942,0.031545,0.03218,0.032851,0.033562,0.034316,0.035118,0.035972,0.036885,0.037863,0.038915,0.040048,0.041275,0.042608,0.044063,0.045659,0.047419,0.049371,0.051553,0.054011,0.056804,0.060014,0.063751,0.068167,0.073487,0.080053,0.088413,0.099525,0.11526,0.13994,0.18728,0.35999,0.18612,0.13829,0.11328,0.09729,0.08596,0.077411,0.070678,0.065207,0.060653,0.056791,0.053465,0.050564,0.048006,0.045731,0.043692,0.04185,0.040178
0.022201,0.022444,0.022695,0.022954,0.023221,0.023496,0.023781,0.024076,0.02438,0.024696,0.025023,0.025362,0.025714,0.02608,0.02646,0.026856,0.027269,0.027699,0.028148,0.028618,0.02911,0.029625,0.030167,0.030735,0.031335,0.031966,0.032634,0.033341,0.034091,0.034888,0.035738,0.036646,0.037619,0.038665,0.039792,0.041013,0.042339,0.043786,0.045374,0.047124,0.049067,0.051237,0.053682,0.05646,0.059654,0.06337,0.067763,0.073055,0.079584,0.087897,0.098945,0.11458,0.1391,0.18612,0.35748,0.18499,0.1375,0.11266,0.096765,0.085504,0.077007,0.070315,0.064876,0.060349,0.056509,0.053202,0.050318,0.047776,0.045514,0.043486,0.041656
0.021813,0.022048,0.02229,0.022539,0.022796,0.023062,0.023336,0.023619,0.023912,0.024215,0.024528,0.024854,0.025191,0.025541,0.025904,0.026283,0.026676,0.027087,0.027514,0.027961,0.028428,0.028918,0.02943,0.029969,0.030534,0.03113,0.031759,0.032423,0.033126,0.033872,0.034665,0.03551,0.036413,0.037381,0.038422,0.039543,0.040757,0.042077,0.043517,0.045096,0.046837,0.04877,0.050929,0.053361,0.056126,0.059303,0.063,0.06737,0.072633,0.079127,0.087394,0.098379,0.11392,0.13829,0.18499,0.35504,0.18389,0.13673,0.11204,0.096252,0.08506,0.076613,0.06996,0.064552,0.060051,0.056234,0.052946,0.050078,0.04755,0.045301,0.043285
0.021439,0.021666,0.021899,0.02214,0.022387,0.022643,0.022907,0.023179,0.023461,0.023752,0.024053,0.024365,0.024689,0.025024,0.025372,0.025734,0.02611,0.026501,0.026909,0.027335,0.027779,0.028244,0.02873,0.02924,0.029776,0.030339,0.030931,0.031556,0.032217,0.032916,0.033658,0.034447,0.035288,0.036187,0.03715,0.038185,0.039301,0.040509,0.041821,0.043254,0.044825,0.046558,0.048481,0.050629,0.053049,0.0558,0.05896,0.062639,0.066986,0.072222,0.078682,0.086904,0.097828,0.11328,0.1375,0.18389,0.35266,0.18281,0.13597,0.11145,0.095751,0.084626,0.076228,0.069613,0.064236,0.059761,0.055964,0.052695,0.049843,0.04733,0.045093
0.021077,0.021296,0.021522,0.021754,0.021993,0.02224,0.022494,0.022756,0.023027,0.023307,0.023597,0.023896,0.024206,0.024528,0.024861,0.025208,0.025567,0.025941,0.026331,0.026737,0.02716,0.027602,0.028064,0.028548,0.029055,0.029588,0.030148,0.030737,0.031359,0.032017,0.032712,0.033451,0.034236,0.035072,0.035966,0.036924,0.037954,0.039065,0.040267,0.041573,0.042998,0.044562,0.046286,0.048199,0.050337,0.052745,0.055482,0.058627,0.062287,0.066613,0.071822,0.078248,0.086426,0.09729,0.11266,0.13673,0.18281,0.35034,0.18176,0.13523,0.11086,0.095262,0.084201,0.075852,0.069274,0.063927,0.059476,0.055701,0.052449,0.049613,0.047113
0.020728,0.02094,0.021157,0.021382,0.021612,0.02185,0.022095,0.022348,0.022609,0.022879,0.023157,0.023445,0.023743,0.024052,0.024371,0.024703,0.025047,0.025405,0.025777,0.026165,0.026568,0.026989,0.027429,0.027889,0.02837,0.028875,0.029405,0.029962,0.030549,0.031167,0.031821,0.032514,0.033248,0.034029,0.034862,0.035751,0.036705,0.037729,0.038834,0.040031,0.04133,0.042749,0.044305,0.046021,0.047925,0.050053,0.052449,0.055173,0.058302,0.061944,0.066248,0.071431,0.077824,0.08596,0.096765,0.11204,0.13597,0.18176,0.34807,0.18073,0.13451,0.11029,0.094784,0.083786,0.075484,0.068942,0.063624,0.059198,0.055443,0.052209,0.049388
0.02039,0.020595,0.020805,0.021022,0.021245,0.021474,0.021711,0.021955,0.022206,0.022466,0.022734,0.023011,0.023297,0.023594,0.023901,0.024219,0.024549,0.024891,0.025247,0.025617,0.026003,0.026404,0.026823,0.027261,0.027718,0.028197,0.028699,0.029226,0.029781,0.030364,0.03098,0.031631,0.03232,0.033051,0.033828,0.034656,0.035542,0.03649,0.03751,0.03861,0.0398,0.041094,0.042506,0.044055,0.045762,0.047657,0.049775,0.05216,0.054871,0.057985,0.06161,0.065893,0.07105,0.077411,0.085504,0.096252,0.11145,0.13523,0.18073,0.34585,0.17973,0.13381,0.10974,0.094316,0.08338,0.075123,0.068617,0.063328,0.058925,0.05519,0.051974
0.020063,0.020261,0.020465,0.020674,0.02089,0.021111,0.02134,0.021575,0.021818,0.022068,0.022326,0.022593,0.022868,0.023153,0.023448,0.023753,0.02407,0.024398,0.024739,0.025093,0.025461,0.025845,0.026244,0.026661,0.027096,0.027552,0.028028,0.028528,0.029052,0.029604,0.030185,0.030797,0.031445,0.032131,0.032858,0.033631,0.034456,0.035337,0.036281,0.037296,0.038391,0.039576,0.040863,0.042269,0.04381,0.04551,0.047396,0.049504,0.051878,0.054576,0.057676,0.061283,0.065546,0.070678,0.077007,0.08506,0.095751,0.11086,0.13451,0.17973,0.34368,0.17874,0.13312,0.10919,0.093858,0.082983,0.074771,0.068299,0.063038,0.058659,0.054943
0.019746,0.019938,0.020135,0.020338,0.020546,0.020761,0.020981,0.021208,0.021442,0.021684,0.021933,0.022189,0.022455,0.022729,0.023012,0.023306,0.02361,0.023924,0.024251,0.02459,0.024942,0.025309,0.02569,0.026088,0.026503,0.026936,0.027389,0.027863,0.02836,0.028882,0.029431,0.030009,0.030619,0.031264,0.031946,0.03267,0.03344,0.034261,0.035138,0.036078,0.037088,0.038177,0.039357,0.040638,0.042037,0.043572,0.045264,0.047142,0.04924,0.051602,0.054288,0.057374,0.060964,0.065207,0.070315,0.076613,0.084626,0.095262,0.11029,0.13381,0.17874,0.34156,0.17778,0.13244,0.10866,0.09341,0.082594,0.074426,0.067988,0.062755,0.058397
0.019439,0.019625,0.019816,0.020012,0.020214,0.020421,0.020635,0.020854,0.02108,0.021313,0.021553,0.021801,0.022056,0.02232,0.022593,0.022875,0.023167,0.023469,0.023782,0.024107,0.024445,0.024796,0.02516,0.02554,0.025935,0.026348,0.026779,0.02723,0.027702,0.028197,0.028717,0.029263,0.029838,0.030445,0.031087,0.031766,0.032486,0.033253,0.03407,0.034943,0.035878,0.036884,0.037969,0.039143,0.040419,0.041811,0.043339,0.045024,0.046893,0.048981,0.051334,0.054007,0.057079,0.060653,0.064876,0.06996,0.076228,0.084201,0.094784,0.10974,0.13312,0.17778,0.33949,0.17684,0.13178,0.10813,0.092972,0.082214,0.074088,0.067684,0.062477
0.019142,0.019322,0.019507,0.019697,0.019893,0.020093,0.020299,0.020512,0.02073,0.020955,0.021187,0.021425,0.021672,0.021926,0.022189,0.02246,0.022741,0.023031,0.023332,0.023644,0.023967,0.024303,0.024652,0.025015,0.025393,0.025787,0.026197,0.026626,0.027075,0.027545,0.028038,0.028555,0.029098,0.029671,0.030275,0.030914,0.03159,0.032307,0.03307,0.033883,0.034753,0.035684,0.036685,0.037765,0.038934,0.040204,0.041591,0.043112,0.044789,0.04665,0.048729,0.051071,0.053733,0.056791,0.060349,0.064552,0.069613,0.075852,0.083786,0.094316,0.10919,0.13244,0.17684,0.33746,0.17592,0.13114,0.10762,0.092542,0.081841,0.073757,0.067385
